1.316354465437828125e+01
1.346261554965872520e+00
6.966678702591197592e+00
2.724574668714981840e+01
6.450706485060015538e+00
3.149987564759203496e-01
8.018925235253962569e+01
1.196982219805838099e+01
2.522996007086523207e+01
8.023460540247009476e+01
9.603510860051436282e+01
8.604977591635986300e+00
1.785227320246113081e+01
1.135970363737633493e+00
1.866564827335894794e+00
7.994127948294247332e-01
3.486098861819492356e+00
1.126463959499291789e+01
5.513025235477608810e-01
1.716445600408503935e+01
3.142347709847409476e+01
1.641754669477132822e+01
1.570753226061177443e+01
1.314277106614419210e+01
6.322232290237719354e+01
6.146212228884103901e+00
4.934677227888497697e+01
3.453357363819693493e-01
8.950949686371743041e+00
1.406950560971744579e+01
2.814395367569079554e+01
7.858119446775603478e+01
1.688939579855103545e+01
2.165866942745619994e+01
2.822206154005911571e+01
1.010487858618032808e+00
6.167064578462207791e+00
1.171083217078014904e+01
1.008776685303663712e+01
7.317836093843031797e+00
2.221613994479355370e+01
5.957360848696507283e+00
1.042903456391323580e+01
8.450370337521974307e+00
7.898577423220420890e+00
3.689071119506842678e+01
1.208154001848903114e+01
1.195249551748818639e+01
8.133354291678195125e+00
9.184961983780986827e+00
9.465381323178373663e+00
1.321146573610937303e+01
2.289175855952524152e+00
8.794341294911721008e+00
1.067345654948425171e+01
1.116238904320542069e+01
4.992645962918873526e-01
7.818685906815015407e+00
4.052260323171095990e+01
9.395647894889183505e+00
1.038830029260415344e+01
1.295451602501109889e+01
4.701707192520594703e+01
1.024001207668382918e+01
2.270765641059374929e+01
9.526841508466018738e+00
8.659729819719965249e+00
2.629778406762139475e+00
8.122591848069887988e+00
9.460172465041114265e+01
9.585924181249470877e+00
4.245463224399505009e+01
9.598823813830760443e+00
3.603493671948531762e+00
1.623420646219859620e+01
5.562260630902299496e+00
2.308570999410873625e+00
3.058157101769048580e+01
3.937987972424924488e-01
1.050029691392064102e+01
1.617552878661950899e+01
1.184250852004093701e+01
6.428301822160719325e+00
8.649923082492556148e+00
1.079772101350333102e+01
3.716472463465277798e+01
2.067940135477621411e+01
2.685795183839292388e+00
3.233224615943307789e+00
2.125390979000181702e+00
1.224105624066629616e+01
9.302727981641316646e+00
9.839939267686453661e+00
1.982258660521663529e+01
4.305482743938881640e+00
7.358869791060479670e+00
6.668194348085538792e+00
1.145563088900314241e+01
6.210426435743114126e+01
7.950846805015221452e-01
9.246936970315376314e+00
2.072477764565084613e+01
3.748477677524828522e+00
2.305721304038041097e+01
2.508071138303208514e+01
2.723098603573635046e+01
1.063819499957702419e+00
2.474144871794726974e+00
1.397400115225238082e+01
1.132637500175851386e+01
9.899016500136454511e+00
2.136177482659780935e+01
6.092920335391745823e+01
1.110758485551437680e+01
8.004421846731485601e+00
1.317178953583792378e+01
2.417518110573602996e+00
1.149853386272085132e+01
1.983251512242124370e+00
1.642610480377749127e+01
7.356046046842052988e+00
1.965876647763442264e+01
1.447798531427862301e+01
1.237625699808861945e+01
2.280532942730717849e+01
3.715448733283544414e+00
5.814243233816559275e+00
2.366536316817844821e+01
9.002049453058457829e+00
6.649293470142275453e+00
2.246434670325459493e+01
9.735717470954044828e+00
1.661934634975857250e+00
9.125012144560802341e+00
1.377664451857118699e+01
1.914356478494116232e+01
1.806922407440575640e+00
2.542722434900941408e+00
1.324706386222522525e+01
2.448504617857127919e+00
3.437440221064542722e+00
2.718491852527068264e+00
6.012194342657016577e+00
4.658672076662143979e+01
9.534004229908070727e+00
1.011704704416517941e+01
2.451195177601355191e+00
1.183196014686093278e+01
9.291566232427797445e+00
2.016652709564852231e+01
1.919355174907833117e+01
7.325714378111081615e+00
9.507045868726402560e+00
2.098831240521229446e+01
1.049704728757680883e+01
3.018309775472523171e+01
6.932372081171470413e+00
1.352638673239095368e+01
2.738067928048421962e+01
1.322151095849456581e+01
1.381240974926275733e+01
4.512736803817350051e+01
9.717693549458449098e+00
3.662711609264603396e+01
3.009563872267151385e+00
9.942044564989384270e+00
7.015209791470511824e+00
3.805043126575355927e+00
1.249435735326118735e+00
1.031553126483976612e+01
3.423003103051164064e+00
1.284655937735025510e+00
2.859915933817960720e+00
5.388318062223291349e+00
6.918092016608695438e+00
9.714764401970098717e+00
8.662229538061675171e+00
1.752042953611722798e+00
5.181940313837987588e+00
3.730496945839498313e+00
1.765206437728055988e+01
1.289455680697838602e+01
7.220619105133541993e+00
1.386162261456914635e+01
1.425438942715678081e+01
1.090822728865291502e+01
1.425483529618003331e+01
7.866135734820554504e+00
1.606734857665109217e+01
2.505976589498382978e+00
2.660426003472074807e+00
1.296715579025838849e+01
5.752358456300257217e+00
9.380438139745812975e+00
3.997940327888247936e+00
1.330744105429804236e+01
8.913599552834023498e+00
1.909127099217332812e+01
1.658161852510517065e+01
1.089962754455658711e+01
8.166852736451879480e+00
9.796627906895688298e+00
3.030332784767949050e+01
8.734087536175263011e+00
1.338974547837405815e+01
5.116065965497559986e+00
9.657661211239272347e+00
9.974641624048171451e+00
9.816449376288080231e+00
1.154008920750673894e+01
6.387233065791335207e+00
1.887945029824069110e+01
4.247842047565566492e-01
5.141439166279818807e+01
1.051845611013579251e+01
1.392189963461670388e+01
8.729798439570400248e+00
1.149323748787109523e+01
7.541303626905995650e+00
2.541442828845763113e+00
2.808186650645786653e+00
1.991666488420572279e+01
9.646131056601316089e+00
9.626846884705091867e+00
1.111428618624537989e+01
3.900195464968666670e+01
1.056788428860651408e+01
1.521731306205874823e+00
9.025093323477813456e+00
1.405436094104384281e+01
3.309477181352567499e+01
1.046926564317025310e+01
8.890653290866283953e+01
1.635357726847727289e+00
1.175911784812679706e+01
1.905326649700057118e+01
5.825469918479848275e+01
2.082275162373074640e+00
8.371969142299963806e+00
5.046529187558134311e+01
1.538989934472562027e+01
1.705038872844323095e+01
2.681788561809959504e+00
6.643501433976659598e+00
2.566309708326998784e+00
1.450898871326754680e+01
1.561667232462919230e+01
1.173963032775377613e+01
1.486928684481266316e+01
9.028716304000241166e+00
4.668027613943254828e+00
1.673903879077375834e+01
5.515938700755581792e+00
3.259657901629505972e+01
9.952325009537307920e+00
2.460504378052516117e+01
9.528577037094562385e+00
7.362362462087103765e+00
4.112602214427411695e+00
4.394274483234128326e+01
1.019283241211046764e+01
2.799298873625589579e+01
8.362474815240656056e+00
3.202346783094955018e+00
9.909880668942497195e+00
9.676042019778249070e+00
1.341654241256585856e+01
1.714961583049593941e+01
5.076531048503437837e+00
3.604441228343926884e+00
1.713576366244016569e+01
7.378003452518726579e-01
8.662284191663484023e+01
6.791287585231730262e+00
1.157290700670963091e+01
8.738352423198438146e+01
2.501490124515627755e+01
3.732910175871317904e+01
1.171964461457957540e+01
6.163029837741625272e+00
6.108102085632976852e+00
2.725793860355856246e+00
3.360050985849708383e+01
2.132900241520039941e+01
1.283733873249765267e+01
9.510966267551568265e+00
1.207228323189364261e+01
1.659987143493297168e+01
1.174393828532593531e+01
3.228358941047040354e+00
3.572268786987290667e+00
2.273315834398754731e+00
1.051838568017198661e+01
6.934387235112376402e+01
2.489166968911010080e+00
2.124325650863436277e+00
1.538354716414641210e+01
2.957075977588078164e+00
9.998696427771653461e+00
1.886151349986223380e+01
1.567999905634966851e+01
8.827403031883545026e+00
1.143924710804226663e+01
3.540288101326682835e+01
2.035934643641002406e+00
1.056420900667486329e+01
1.381093339159940570e+01
1.235350235361036830e+01
4.038423302842103269e+00
9.269450675331588840e+00
3.422111900627644143e+00
1.023676171572216553e+01
3.562389167689707037e+00
5.071905825843730398e+00
2.290325404412114096e+01
3.528954837198220673e+01
1.479959117721657336e+01
8.116019516141511403e+00
1.719742828161660686e+00
3.669238645516091246e+00
4.331158745192478676e+01
1.543334458088535044e+01
5.756562724732916081e+01
8.478020350688705520e+00
7.860969961414928875e+00
7.828258736944719942e+01
1.402195677384013095e+01
3.368414792631717347e+01
2.174430763477823092e+01
1.888759928162643575e+01
1.346539165777586788e+01
1.205675214009584550e+01
1.026733434723166383e+01
9.616228435223705517e+00
8.340317603224686849e+00
7.754484740713520452e+00
6.787184152299926554e-01
1.026329278321446559e+01
3.342494826971066146e+00
1.646701906935807713e+01
1.285295883605613376e+01
8.021620080456576929e+00
5.645807803866338759e+01
1.315093257780512914e+01
7.484086982422727630e+00
3.896784539963483240e+01
1.557499259899552335e+01
2.761425937162940514e+01
8.698892124117545421e+00
3.187652243842753919e+01
1.179358296195552569e+01
1.041683392988389834e+01
9.746890595310874872e+00
6.904345516409158279e-01
3.002000463760067817e+01
7.938243234539339710e+01
1.053879511911695666e+01
7.596347971310557057e+00
6.293245004997507053e+00
1.930443257621615061e+00
4.984255388215926175e+00
1.261051330194437270e+01
6.938911333410146653e+01
1.077276706205730017e+00
9.786551059311323186e+00
1.871530864379136849e+00
4.464778757992343827e+01
2.438257102041981206e+00
2.877900092692207146e+00
9.895899237874616006e+00
5.259356415936453644e+00
1.965176206858582120e+01
1.043354052740471438e+01
5.924973856950729356e+01
2.262685955084668876e+01
1.251698875187349458e+01
5.607259709237876422e+01
4.262401279546533250e-01
1.673516846365397726e+01
3.322330685847578735e+01
1.650017300897585137e+00
6.320880680018745146e+00
2.076540456226773745e+00
3.814196148591190383e+00
8.829760631553085215e-01
1.081324991851610839e+01
8.235258317268968398e+00
2.595011886098294251e+00
4.704455044163614730e+01
6.990821663300106792e+00
6.913444435482735351e+00
7.732061938033270110e+01
2.634980109337386800e+00
2.746714110566511025e+01
1.250069687287671627e+01
8.503218656600386893e+00
3.560917454354823874e+00
7.528676516870536517e+00
1.688266432521103866e+01
1.150187300297328008e+01
6.926045108884815704e+01
8.462910948101674435e+00
6.535704790570449063e+00
3.713563604099699944e+01
7.557663372700742954e+00
6.355098572304318516e+00
1.117827348106156915e+00
1.021542476100534724e+00
1.000151294497358734e+01
4.008082003412660299e+00
6.470473938968455130e+00
8.262382738422318074e-01
1.900805709522241926e+01
3.376557414825663983e+01
1.222888146678829102e+01
3.737052264424084314e+01
4.110654282295857165e+00
2.323944928842851532e+00
2.362804584095226446e+01
1.062591857139150608e+00
1.005967764479969517e+01
7.181611385082215193e+00
1.714471689144783895e+01
6.107420859936165414e+01
1.360316965770872777e+01
1.180049897581189278e+01
8.597048757709156774e+00
1.526035212170033972e+01
7.704565876773924060e+01
1.281547964915692006e+01
5.544413866859262185e+00
1.392041838871673676e+01
4.686787075350989795e+01
4.881078210486037960e+00
6.604281792267940432e+01
6.717667725334906415e+00
4.730201731491283823e+01
1.094125810173928492e+01
1.269866899257248249e+01
1.448772685786309111e+01
2.266926236572821107e+00
2.348326490165198877e+01
9.217894528169692236e+00
5.131604798642803722e-01
4.728420224487434709e+00
1.641032189467120617e+01
1.102881983576481062e+01
4.185364166737594260e+00
2.798648005174388054e+00
1.083068709044149758e+00
1.762937460713915883e+01
6.827530334931491751e+00
6.966230105917929905e+00
6.717987559377853302e+01
4.459570882320194940e+00
1.511418359530883748e+01
1.008368206112785082e+01
7.610709394817051887e+00
