4.231493649250720246e+00
3.406833456445342634e+00
1.509839235942190605e+01
1.238616920269029187e+01
9.786854165305530273e+01
4.040903745269762481e+00
3.456311290419487925e+00
3.212053746015584910e+00
1.039918975638690846e+01
2.217773730225067297e+01
5.351649118517040193e+01
4.673994326173853864e+01
1.760622928106858964e+01
3.916771999083495270e+00
2.178921842679073251e+01
1.019150794378663605e+01
3.748235163995780539e+01
8.650466596374648987e+01
1.729265816838545788e+01
1.516620714582422913e+01
3.198122346946747285e+01
4.688550767837678990e+01
2.925335648901121033e+01
2.398657471817950082e+00
9.605699443286430039e+01
2.224213742470424648e+01
3.421333515272438319e+01
5.071209069348502574e+00
6.421298017621257515e+00
9.833582987861314351e+00
1.626124174412843360e+01
3.562949133405943059e+01
4.032590344959893969e+01
1.855708991423112408e+01
1.958726905007394947e+01
1.745431762913707274e+01
5.437373535735583463e-01
3.555985064184125832e+01
1.156971517419542517e+00
1.535053078795461490e+00
1.534728532860578198e+01
2.201612068333087180e+01
1.713813488693362430e+01
4.823215325447537616e+00
3.809278129611889341e+01
1.603495695665683485e+01
4.257222310671510712e+01
1.523304084122874613e+01
1.669653417035792131e+01
1.352631858226328632e+01
8.273964370872796792e+00
1.742553844732536206e+01
3.954000972405774661e+01
1.539050816652104636e+01
7.703301463783296299e+01
1.077136448678704994e+01
3.021773949003911941e+00
1.544942441561533464e+01
9.041012151740747527e+01
7.301283120829174855e+00
5.621992729145240020e+01
1.640881138565330133e+01
1.523512073739002481e+01
2.947303730097085150e+01
1.534171691976526120e+01
3.255393659365943826e+00
3.032983036071006211e+01
1.101799498685948731e+00
3.200976695475221590e+01
9.073839500482847598e+00
7.112292327999057306e+01
1.586705828291235321e+02
3.298353557494599642e+01
1.502799507437470439e+01
1.375137519422149346e+01
2.972395303569643232e+01
8.045237599655908411e+01
4.450470852736043526e+01
9.491697963555125739e+00
5.620351398488748096e+00
6.164157847443397031e+01
7.389488524099692768e+01
2.873414445037882015e+00
1.984671044370037052e+01
3.221320442761232528e+01
5.559451637260244272e-01
3.184147711901906774e+01
3.252023034688743053e+01
7.295332974522966696e-01
3.362627465669926607e+01
6.847004662037245559e+00
2.593180636963553276e+00
1.418553623307061251e+01
2.398874868272682814e+00
1.789980889939564790e+01
9.521187240273353325e+01
4.761815973959282466e+00
1.745428411220258980e+01
1.562180400849209505e+01
5.957543882814353253e+01
3.380401566384510659e+01
1.465249933973348462e+01
1.813411892948728976e+01
2.001317034477130008e+01
4.877596322289856801e+01
6.555161009189606602e+01
1.041642076664676608e+01
4.966164816033343143e+00
6.510032175286387002e+00
1.233181804049514163e+00
3.070186616496540211e+01
3.629596722606721926e+01
1.537964854953693994e+01
1.419345005340881194e+01
4.004850281259560774e+01
7.474583357594958954e+00
8.928984459137971896e+00
1.982793251947481394e+01
2.457407568516232033e+01
1.870766776268875020e+01
1.205463900540752320e+02
1.220854962849406089e+00
1.664136520429374855e+01
1.221018729381718515e+01
1.525431324875455807e+01
6.241312105919568864e+01
7.106602134786754732e+01
1.037663396949050920e+01
6.773247759245666799e+00
8.304995647086919064e-01
3.355305648059348300e+01
5.381273974905853663e+01
2.127714469999164493e+01
2.501202550582697803e+00
6.599803736214082051e+01
7.489860416737625926e+00
1.828341036932626196e+01
2.836814917486839605e+01
1.860450235524183427e+01
2.540285607955853120e+00
7.361951944826668637e+01
3.365285520248997386e+01
2.058046696154837818e+01
5.277944639194208776e+01
1.876285422792443285e+02
7.532273778728148272e+01
2.788771985477042037e+01
3.372675221067125584e+00
1.628539637538641216e+01
2.068373915736807511e+00
1.405611306241283209e+01
1.071958149591187137e+01
3.556371552627128807e+01
4.207448134924597127e+01
9.415494566066891835e+00
3.643082371258233110e+01
1.539629111694428687e+01
9.456785739176542194e+00
5.698048395957686552e+01
5.353723358320916503e+00
9.002220307472413197e+01
2.155074677505445901e+00
2.004705158440899027e+01
7.346824718762249518e+01
4.000690470690214662e-01
3.212115294092259177e+01
1.346531812727487676e+01
7.266500173590345923e+01
1.030997250034779267e+00
1.451234209973030076e+01
1.292906379534407790e+00
7.172423904878907308e+01
3.151056443285564157e+01
3.120027905721575934e+01
1.714825269152074583e+01
4.045442412154940826e+01
3.418680574819516949e+01
2.731429735934169400e+01
3.853266261579619822e+01
1.404878588743241963e+01
3.895613751216464582e+00
8.911103538185655282e+01
2.561041799729137836e+01
2.479322744145146018e+01
1.561380871566506023e+01
2.747182476663104556e+00
6.500517136895783921e+00
2.248645920066715487e+00
4.371118258793035238e+01
1.214276747159101788e+01
3.349800857852980585e+01
1.435856602111057789e+01
1.032091422171573791e+00
3.567079459530322083e+01
3.046260622332635037e+01
8.758710157301317167e+01
3.398845939477499201e+01
1.097414926378228301e+02
3.707136103009280959e+01
3.968881806885658392e+01
2.158580940856980845e+01
1.568859248776393933e+01
1.460288429258396015e+01
1.160436596190874923e+02
3.350056013719465398e+01
4.646141571515689606e+01
8.244090888825586205e+01
3.888099585684854276e+01
6.825292461732750393e-01
4.744192987107109616e+01
3.299177356105133185e+01
9.971029249484127277e+00
3.655523675733826394e+01
1.158071411993516620e+01
1.683639684931883096e+01
1.422138048043900227e+01
1.658463558329491150e+01
2.371286067955569621e+01
1.587082625962425553e+01
2.041399667812862617e+01
3.319913383185254219e+01
3.694216211073856471e+01
1.968554336450963760e+01
1.921396057236329780e+00
1.054560787239289255e+02
1.504418382834518297e+01
7.590484356794413578e+00
9.311421537943724047e+01
1.243677625973719891e+01
1.378841350016065093e+01
1.620454002800448379e+01
1.732598595122489016e+01
6.910952295583562555e-02
3.331712620583250839e+01
7.984617862662678078e+01
1.022227670998267257e+01
1.699785518412797103e+01
3.514112087054341771e+01
1.568697119809660201e+01
9.947720389671023611e+01
1.561278131694218452e+01
2.531380745410443822e+01
1.578490942486565185e+00
2.193296453491742071e+01
1.074992414217333048e+00
2.347988879157708553e+01
1.761380636599079708e+01
1.103862429497540765e+00
2.726182652924669725e+01
3.410568414082267630e+00
1.570353216190433798e+01
1.850273074754191072e+01
3.655201938040468690e+01
2.420615482849217415e+01
1.595241325009967603e+01
2.682334266105587517e+01
4.870091472492710949e+01
6.642543008483843892e+01
1.814556827680206652e+01
1.937594107442161473e+01
6.816985405443119816e+00
1.320994093888843679e+01
6.266285770654075549e+00
5.420460577425053827e+01
3.073422590449435532e+01
1.159826987657980268e+01
2.148799669629495313e+00
9.658334183115134408e+01
1.523507024974201585e+01
4.683527760340212787e+00
3.347021823243068184e+01
1.804846310515473462e+01
6.196305052612529352e+01
3.257753885138773597e+01
1.589643655875578254e+01
7.180812239298310473e+00
4.061327511159431225e+01
1.966163653670196254e+01
1.539186956257050376e+01
3.351275758622001888e+01
3.527771555683060001e+01
1.022871516015782234e+01
1.343278443935942645e+00
1.480841528483876601e+01
2.760199268541568784e+01
1.340923234147881260e+01
2.155404938036901541e+01
3.291147330129716408e+01
3.450186435074765257e+01
3.255586704829606504e+01
1.762236120514601723e+01
2.618573258530719983e+00
7.005067950739409355e+00
3.282885849549914070e+01
3.848143671302864277e+01
5.436505433180762736e+01
4.915927483194509051e+01
3.053198126086563713e-01
1.805809472101921287e+01
2.161840436958331679e+01
7.206198429288023988e+01
2.553838624246679245e+01
1.836291338351286839e+01
3.567154251688578626e+01
4.222253362263891319e+01
4.767638416610223828e+01
6.560814293171807776e+01
4.577274049385836463e+01
1.329436736308751144e+01
1.676307033486207843e+01
3.683308964344192304e+01
2.966254046676175093e+01
5.617311239445132998e+00
5.932542969603853322e+01
1.665457537566183888e+01
1.598415528080219516e+01
1.370305476093988162e+01
5.118206919357488971e+01
1.755738906111125175e+01
5.513880169419289601e+00
1.027359539329102311e+01
3.235244468762282821e+01
3.098183670962064085e+01
1.297396840080141445e+01
3.947076737682460479e+00
8.299799763246021200e+00
2.138231463633542617e+01
1.324846464430725668e+01
8.665175021543358014e+01
1.546466324151685612e+01
1.589168465771778216e+01
2.080112588837291554e+00
5.427360038020771782e+01
2.445299076758765722e+01
1.388710406304541323e+01
7.884928341729969148e+00
3.473277704053919024e+01
2.771985898656914671e+01
3.748032366251586467e+01
3.356869100576216169e+01
3.048184884412037832e+01
8.159480446588025515e+00
7.242925328136909258e+00
5.187295527267920647e+00
4.489901298431181687e+00
4.118763864087898696e+01
1.803419861220051246e+01
1.729074800155400737e+01
1.245478352767543981e+02
3.243691959598550056e+01
1.280967111876880971e+01
3.622510781811519109e+01
6.543019090790780368e-01
9.747574893412640051e+00
9.582444932146641747e+01
1.582222018703500055e+01
2.988866589164612897e+00
1.640197279948943887e+01
8.629199783445125149e+01
3.453533548244416096e+01
1.607178928071111557e+01
8.204123699545172954e+00
1.795754460968225530e+01
3.310339277367014432e+01
9.592775429661339004e+00
1.847230456764588524e+01
1.335284587846645188e+01
1.447978662769173397e+01
4.860569196319085350e+00
1.701269386448290533e+01
9.412544745942430069e+00
1.516424693793531908e+01
1.462726077004699476e+01
1.439583610031803929e+01
2.550397978391800713e+00
3.376722297500197101e+01
5.314593363778305246e+01
7.517729318267001304e+00
3.298535159341452783e+01
1.168876472383789888e+01
3.437308075025872967e+01
1.511382554281839319e+01
4.456214564243982323e+01
6.941876943939768729e+00
1.945223472231363715e+01
1.657525330305299605e+01
1.069454691158305693e+01
3.266507100968235022e+01
3.153465942383443377e+01
1.436887266086682402e+01
2.846065207146215670e+01
4.113574379317130436e+00
1.690810613611456859e+01
4.236007834051538801e+00
7.544812415528060967e+01
2.621743727777950994e+01
1.556332894147426416e+01
3.614517627295293778e+01
2.250345888774668524e+01
1.808387399348227120e+01
1.668489058838940409e+01
6.973328846975078932e+01
1.627987483345907194e+01
1.738164787195475824e+01
1.297867889074889369e+00
8.599910687205253979e+00
4.011536795957727008e+01
2.131924281491343010e+01
3.689541090164801140e+00
9.758680929805610305e+00
1.725281100574624560e+01
3.367012885269266320e+01
3.743257381434330000e+01
3.176357774042163129e+01
3.829437394276119733e+01
1.428514091785875806e+01
4.126493189816141438e+00
4.996566690689680001e+01
2.055747706280704890e+01
1.608057986272920203e+01
1.339659127508124037e+01
1.615368025724433920e+01
3.156527885866642436e+01
5.207511101880238868e+01
4.671732209263034008e+00
1.522956708661487468e+01
2.933109336344590545e+01
6.284069951461975734e+01
6.013168815602354300e+01
1.605390432667657130e+00
1.400357094638143352e+01
2.307947277878822234e+01
1.778161358425127858e+01
9.651408963709066313e+01
3.649397024166837156e+01
6.371938326978376921e+01
2.252372147293269400e+00
3.357906497406198287e+00
9.390131014314812319e+01
3.527967140934679779e+00
3.356757694451290064e+01
2.361725578879329390e+01
1.942139838839940680e+01
1.706730983969423221e+01
4.357556774902337615e+00
8.702015939152715873e+00
4.201699425584894954e+00
1.021792750921638238e+01
1.682094448100489714e+01
2.591939551519984875e+01
8.311294791668856874e+01
4.099438936217723750e+01
1.933216018323918206e+01
8.466212868865420660e+01
1.484275794685837369e+01
5.211299795680335301e+00
2.434015474599110362e+01
9.095711971044343613e+01
3.124863245194228512e+01
5.819944250577837863e+01
1.606320307729115626e+01
1.361789736572061038e+01
3.334196753423936599e+01
3.619677049762049137e+01
1.007287917500814878e+01
6.559845422903330814e+01
1.137975131419927877e+01
9.385885289095593009e+01
2.329757377706706123e+01
3.538245926521437212e+01
1.206056505119573963e+01
3.228362485162578110e+01
7.358639347617137005e+00
1.451146153665796845e+01
1.613043437345196551e+01
3.803549739095168292e+01
1.642631440537628507e+01
3.264753768570112413e+01
1.596431056833772111e+01
2.998703488193391387e+00
2.875322611926532801e+01
1.307601238533222840e+02
2.396312148930328334e+01
2.945481176685702707e+01
1.438213867074910013e+01
7.061944942442662132e+00
7.308426202220256584e+01
1.370949388021035453e+01
2.824383343788203149e+01
3.280990147984475414e+01
1.416629064468091848e+01
2.689151190674850511e+01
7.999775575679274331e-01
2.914791458097340637e+01
1.254128980302123431e+01
1.989100004983401959e+01
3.415732475450139560e+01
3.270320304858680860e+00
2.029874435568342861e+01
3.755304051886660499e+00
4.369240469229384161e+01
1.376497525972887992e+01
1.230913518794326755e+00
1.556387718970214884e+01
1.469044684214880014e+01
1.838888477839413937e+01
4.837637705873165217e+00
