9.754029205087255150e+01
6.901613462326952231e+01
7.386273540284548744e+01
5.982094447802931825e+01
6.531306263151961389e+01
1.006068096360108655e+01
5.580920011488976940e+01
7.059027268603738037e+01
7.799273752329308707e+01
7.858305526354889992e+01
6.465138210974087940e+01
6.719224886850345513e+01
2.475999288249581909e+01
1.702195816064586253e+00
9.092849122664937056e+01
9.633800356912962570e+01
6.462162998199491426e+01
2.819021468147802079e+00
9.182970847122456348e+01
6.816332918632589610e+01
1.460695104677814982e+01
6.234570812849577237e+01
9.375925839931416306e+01
9.522172284938839937e+01
8.407289760306883863e+01
6.487147315804590164e+01
6.776398949093672286e+01
8.965246208083462420e+01
5.920017347237030236e+01
8.211466130132397723e+01
9.310241698503330099e+01
8.216348780979917876e+01
4.908251030510598412e+01
8.044797962504721056e+01
9.157721588221330933e+01
1.942575841477950860e+01
6.065118760141552201e+01
5.866095711224582487e+01
1.592062481945190910e+01
1.749732396242104215e+01
8.458333352233943003e+01
6.406068185277909777e+01
6.193697185768213842e+01
6.794411798062191110e+01
1.001274673182360715e+02
8.558883401697833904e+01
1.932887480422053628e+01
1.685631922945519534e+01
5.892170120597137384e+01
5.707061851130687558e+01
8.820769169489329897e+01
2.146216343400616822e+01
7.499721046214236253e+01
1.515430840279357767e+02
8.853313621256000943e+01
6.380408172821451274e+01
1.244562008737605510e+02
8.744940696541370073e+01
7.450506593628983865e+01
7.312750170699725061e+01
4.500511379747117502e+01
6.307158126869145320e+01
6.976770452927705435e+01
6.717140608493215836e+01
1.509095496285871540e+01
1.057385664993394414e+01
6.768751701808261600e+01
8.011221833048026042e+01
2.741313448866782210e+01
9.431868692476288629e+01
1.934299658446141166e+02
6.793522756998996215e+01
4.844743295279976536e+01
7.391439343230052827e+01
2.741096606524744317e+01
3.586424485099284709e+01
6.031578756698936417e+01
7.145328627649126929e+01
2.531979395224778102e+02
4.316262554938322893e+00
6.513236779168430246e+01
7.120156070240619783e+01
4.556593546385957438e+01
1.812105182260543046e+01
1.927819254486168887e+01
3.804710846768468713e+01
9.895740334733024213e+01
4.172097948436379511e+01
3.143429888225273316e+01
7.676854089407062531e+01
2.517398184353110224e+01
1.793022744957927017e+01
6.521561453022056298e+01
1.479599539717164625e+01
9.122056511950525248e+01
4.685244781244904289e+00
1.576893488555225709e+01
1.953867072603977917e+01
7.037388840786829292e+01
1.297856765167975652e+02
9.673483121813539753e+01
5.013934855294971271e+01
3.823098539783582339e+01
8.707697033866547542e+01
5.731908918879650372e+01
5.084319784318622482e+01
6.545786648156747844e+01
1.292793023034485316e+02
1.204436369635675774e+01
1.505451792470949357e+01
3.226453969290684398e+01
7.354822784536176528e+01
3.356541781553431747e+01
1.174587210158367867e+01
1.296358868371348478e+02
6.202689872768355883e+01
5.465485629508191323e+01
6.771197511298697691e+01
1.062532104783315106e+02
6.772851170546718436e+01
6.753382616914038294e+01
8.048680356751107468e+01
9.535538940590552670e+01
7.734030263843827413e+00
6.863179640778338353e+01
6.548560901511518750e+01
3.231439513318127155e+01
7.057978042628315052e+01
4.234975049335870523e+01
4.957152720781260768e+01
8.793595098277030786e+01
2.331187547624750778e+01
1.094617236859845555e+01
5.557815093659646521e+01
6.655333586589428307e+01
3.559539191900429245e+01
8.828528649015947849e+01
8.205676190661768032e+01
8.118343433826112232e+01
6.716610472667966292e+01
7.003062634731543312e+01
1.413994906207949498e+02
9.267185534625997434e+01
6.791439701553191810e+01
2.630539302694395687e+01
5.012066972927908814e+00
8.924376484996594172e+01
5.880286719456558586e+01
1.862570110712887939e+01
6.075708665413197451e+01
9.212532294146784295e+01
1.609745477969952105e+02
6.908273139665378437e+01
7.713001542374746577e+01
6.905382132966714437e+01
2.146084291312589585e+02
3.632452298562732551e+01
6.822939078367168975e+01
1.804949994557202331e+01
6.039095412236014937e+01
6.049712396489327659e+01
1.069041474641295331e+01
7.355978809504209437e+01
1.495392754112253364e+01
7.128515671990727753e+01
1.999696698028491371e+00
6.093089367943378853e+00
8.401040208298175571e+01
7.268796488238487541e+01
7.773949309804424956e+01
6.219857670523805382e+01
5.179546306704010306e+01
5.327776267337679172e+01
3.357761053655459449e+01
6.918590687907484948e+01
5.070569752619191917e+01
9.379104960342357344e+01
8.777892810891231079e+01
5.785937108332807099e+01
9.279506248129784751e+01
1.786539439511520555e-01
6.722771770705975314e+01
8.629130424542861988e+01
2.780048945569446062e+01
5.844280707322806734e+01
1.822775132761194641e+02
5.425885230980434670e+01
1.721616191882456803e+02
9.280730119991569893e+01
1.657488074675434930e+01
4.776958504166749719e+01
2.747610086412782149e+00
8.906563833233578009e+01
6.943036373292751762e+01
7.093155178213238798e+01
3.005665210327271808e+01
5.198141795143281740e+01
9.349318640332802488e+01
8.848134305737676186e+01
8.588869109923082945e+00
1.260765218035344581e+01
2.674725905827917671e+01
1.396330677395877906e+00
7.549869709327600731e+01
3.026984888217023051e-01
5.779942248262717186e+01
8.696887512784449825e+01
5.924905771181363079e+00
8.506149180345198602e+01
4.602515426879140392e+01
2.610856627046176381e+00
6.219876628973142374e+01
7.673697244987830857e+01
9.355213795835724966e+01
7.414848090599199359e+00
2.605872649557862530e+01
8.855888462351018120e+01
7.246685905111685422e+00
2.858295208061188930e+01
3.072804684178407442e+01
8.153774099316467527e+01
6.902343266342357708e+01
8.447917802150674049e+01
8.331811859881091209e+01
6.935029621842232928e+01
7.421686456324503922e+01
2.212322471536269219e+01
5.540207616574456040e+01
5.328284545249714910e+01
7.373250733344490015e+01
7.026026604186422730e+01
3.688780682611045592e+01
7.162233667048683117e+01
8.539563879331710439e+01
8.051686785108888955e+01
5.766345599783170428e+01
1.324503501963698682e+01
5.408112733348290391e+01
9.174031791221858612e+01
5.608490719717903517e+01
7.868787173090461806e+01
2.225237414278356596e+01
4.159729169389253656e+01
6.955346725962803589e+01
8.080203138472013435e+00
6.962018749018008634e+01
8.622451419714870724e+01
1.313010889617481496e+02
4.299119286370491011e+01
1.068413469720422455e+02
7.611947665505478255e+01
6.465831112076168097e+01
6.095150960685175079e+01
7.058070813774641294e+01
1.211280906845419025e+01
5.643142890788984545e+01
5.739908959014291412e+01
1.534251270247046648e+02
6.952357820874220806e+01
1.260384092142122938e+02
6.675166624726996645e+01
2.093535562450537668e+01
1.999502987488684980e+01
7.981611174949378551e+01
1.257336370802524499e+02
6.486034466524348829e+01
9.296304354889184651e+01
8.658879302658743882e+01
7.110311832945126298e+01
4.430130149484865854e+01
2.985382319957593111e+01
3.652501008624267520e+00
1.673602360634084221e+02
7.516878556951776602e+01
5.912136633653026507e+01
9.229927296788500257e+01
9.063685594216851271e+00
3.348009434682620622e+01
8.043801436216608636e+01
1.772728294457525777e+01
5.549668898263884387e+01
1.883238159664936351e+00
9.136922438377000333e+01
4.650323296411361440e+01
2.048805978760044155e+01
7.165923859120383099e+01
9.042624539501194647e+01
1.361538593162296706e+01
9.021738639122115444e+01
3.928409588315873435e+01
9.449595490308391277e+01
5.566039635913091388e+01
2.869063910612863921e+01
7.130182820318592007e+01
8.388468203982118609e+01
2.656513191606214352e+00
5.974182426211400809e+01
1.188673061510452733e+01
7.936946681478163157e+01
6.514375445332493086e+01
6.580523340397924414e+01
8.119719064076474524e+01
7.754654708572786603e+01
7.069763305306331347e+01
4.342184185028402865e+00
5.316230859153231592e+01
5.444099484836814185e+01
4.597749343132957733e+01
8.671346311785494265e+01
6.028967399294491969e+01
8.220716058005710636e+01
1.865523380576262724e+01
7.032342931198816594e+00
1.125035597653693600e+02
1.045307014264334633e+01
6.263429134999931591e+01
6.513402141722660588e+01
4.340088881933436937e+01
6.509943465904080995e+01
6.487778335749584357e+01
7.377176691186375024e+01
1.015864999665343333e+02
3.202689786575780317e+01
3.512523782820025531e+01
6.442099019205703314e+01
9.561440684188793782e+00
6.145922727943358410e+01
1.108833592306036167e+02
5.957202015692436703e+01
7.938178705090743748e+00
2.199416083829647661e+01
7.281280694401571907e+01
4.358482342951627508e+00
1.173371592747657743e+01
2.140979088249002160e+01
8.585710471517288056e+01
5.824579510448624120e+01
2.579702000968974218e+01
9.899646797585113234e+01
6.721276835165816976e+01
2.539184239242589669e+01
8.813363713388852716e+01
1.198797679329806165e+01
6.766396787567636295e+01
7.986054318003772323e+01
4.775074132868783572e+00
3.512685484868610430e+00
8.143849376127620587e+01
3.820210745961821086e+00
6.773402416520292491e+01
5.557745573879354595e+01
8.046321395786492303e+01
9.742524433715479404e+01
1.393816149525738126e+02
1.629364920125667027e+01
9.220860303834308525e+01
6.058860870358806494e+00
1.208709683412637403e+00
2.743076424168333105e+01
7.382804894689888897e+01
6.221896306378817343e+01
2.673722872101044246e+01
9.269941140343323838e+00
8.293279993122887106e+00
1.137374046298846650e+02
5.741969340665448840e+01
1.990716478565672389e+02
1.512834132858312053e+01
6.976850737758665844e+01
8.618855160772309887e+01
6.459082695682559461e+01
7.725648852731640659e+01
2.227772791984016720e+01
7.226307513581826925e+01
8.525332007922504829e+01
8.074436031940302883e+01
1.102853399871818851e+00
2.488619192120008705e+01
7.673261007647395715e+00
7.755221754623535446e+01
2.508181167052416072e+01
1.376201902902396945e+01
7.319511472660265383e+01
9.521632950238870308e+01
1.312770047648137961e+02
6.857736565533639350e+01
2.606699334286440717e+01
1.044753819794343919e+01
6.341836950262391781e+01
5.617431302496557066e+01
9.143674219853892282e+01
1.505678219005166962e+00
6.434625797209166365e+01
5.148582379414311561e+01
4.224013388214938658e+00
2.179737199605904507e+00
6.283982309040589342e+01
5.400884444960222908e+01
9.667582609492943391e+01
7.545032932089104349e+01
5.667175078490728879e+00
1.004338917104772975e+02
8.361600037838663013e+01
9.953566268963189856e+00
9.885360889934986517e+01
1.096080996239821026e+01
6.586658289534587318e+00
2.630913615121021110e+01
1.952160233817315182e+00
5.529106333995460432e+01
5.444625607678675294e+01
7.218770722765314929e+01
1.185813863497241272e+02
1.000009051630216277e+02
6.728089070279600037e+01
9.155303272232507084e+01
5.867634710657038966e+01
5.241730550362062502e+01
2.593863914109519797e+01
4.283710967910742085e+01
1.417044906086543854e+01
5.829642337809872288e+01
7.919617931674615363e+01
5.059242078014425203e+01
3.788477314736718427e+01
5.796139291264633897e+01
6.372478182190273088e+01
6.442648884275222088e+01
2.490204250178019763e+01
6.306843315964923313e+00
7.275426582855892832e+01
9.545593906821154917e+01
6.918890114211019693e+01
6.186930140275320866e+01
6.157875966371354082e+01
8.523140128178307862e+01
6.832479350921680350e+01
8.631360406228398574e+01
4.398787430960172884e+01
1.348391138355315988e+01
6.186420346753107680e+01
1.809777328550895126e+00
1.231754425699514286e+02
1.498546122590989427e+01
7.721149190233005299e+01
4.754228788512595827e+01
3.749304115484954281e+01
2.144824089827670477e+01
5.845375094494040979e+01
9.197088625822851782e+01
5.797730483922094180e+01
2.473014123550113652e+01
8.923198591682229619e+01
1.099832911892568887e+02
7.576612114095502193e+01
8.083413297270033127e+01
6.287290510762100126e+01
3.650467667852972653e+01
2.567487458426949587e+01
7.969295570713074994e+01
7.022539812475648091e+01
6.188755504269920493e+00
8.130266454212603833e+01
7.201844675533313023e+01
1.083315223013666717e+01
1.257599521079945681e+01
7.420742846469657650e+01
6.840064923132121066e+01
1.056037970705518489e+02
1.956511829056895735e+01
6.539530594239153061e+01
8.659355184260748217e+01
6.559306283960084727e+01
8.126639719913072213e+01
5.365316229652423274e+00
7.848470383634722936e+00
6.762368973783515003e+01
8.787200233016909667e-01
2.781738750132051052e+01
6.185340745220012337e+01
6.637869198344785104e+01
7.738857205539049744e+01
7.101392471773996817e+01
8.176022081952469023e+01
1.109150404844555737e+02
8.467412704796628020e+01
6.694117489659257103e+01
6.218072332088076593e+01
6.759713546897938841e+01
5.433960717108692329e+00
8.559207298840033218e+01
5.539817359105848027e+01
1.315481706024877440e+02
7.806499424581475921e+01
8.608276706474961770e+01
7.592355989716787157e+00
9.456226838015437508e+00
1.259516727904386180e+01
6.975124283349310872e+01
6.788285576344881633e+01
7.151479798485220840e+01
2.998071670918268694e+01
7.949291975556563727e+01
8.620323782592365092e+01
3.418321102972500025e+00
4.521800036326596484e+01
6.623535459055710817e+01
1.176702510130533739e+02
6.049726571554715804e+01
1.062082173961592417e+02
1.449087956584493497e+01
8.750146202865036571e+01
1.082446325451765290e+01
6.105579850516424045e+01
1.317308223113934318e+01
7.188596278658117456e+01
8.427065464641073333e+01
8.569863627394218497e+01
6.708387406596395408e+01
8.213652698466273705e+01
6.669931413662204989e+01
6.002860987465826526e+01
1.110827532302534948e+01
6.989215230347650731e+01
8.151174613866983520e+01
1.633521994766610419e+01
6.039798512113072348e+01
5.748827570246829310e+01
2.684613932469890329e+01
7.972428745058108746e+01
1.209762246125084602e+02
1.813040213292445912e+01
6.240457037878440616e+01
2.457963674955777833e+01
8.964615955131652925e+01
8.661847745408432786e+01
7.108107578091441781e+01
5.572394830763241202e+01
2.212342412372922240e+01
3.408333406120397768e+01
7.610657834842724867e+01
3.534879971995221126e+01
4.991811310544472491e+01
8.812209862474506394e+01
1.794203825851587553e+01
3.000801452767168342e+01
4.002063054056242208e+01
6.555038594170007116e+01
6.883118772283606290e+01
1.056063817906018443e+02
9.439390100235294767e+01
7.001922776221340428e+01
3.729003699140886141e+01
8.754166759269472209e+01
7.481569573768524606e+01
8.333859809776582495e+01
3.939968866724442620e+01
6.125398494901882174e+01
6.508944644885696107e+01
3.248376265180603895e+01
9.172951003755331101e+01
2.804773325357380998e+01
7.967778188105334891e+01
7.293776267812728520e+01
7.413531846394067770e+01
1.218490756690786903e+01
3.371130662941163703e+00
6.852179304484712929e+01
5.707836192470040970e+01
6.352569690119207735e+01
5.622124560544693850e+01
6.010541522993727881e+01
3.476698277210461896e+01
3.554195549294881573e+01
3.445670418905050525e+01
9.298300363476963071e+01
6.326118078160445179e+01
3.017169314949026848e+00
2.832819383548603653e+01
6.622777864068676479e+01
2.912336936592459580e+01
9.630526431141429100e+01
3.396023176601937976e+00
6.519805535481803815e+01
5.358064073311557252e+01
8.716506184108685318e+01
6.515884534237160608e+01
9.022295755574194231e+01
9.373014638607631355e+01
7.749741868774991360e+01
5.406675801680782456e+01
9.497239548302002277e+01
1.684374577800069162e+01
1.931318941311107551e+01
8.410507785118740287e+01
9.220602374453271466e+01
1.460711136651319819e+01
9.064644925630275907e+01
2.004827890675250046e+01
9.166723374287296622e+01
7.436273184995120289e+01
9.930385597471972403e+01
5.598767418677002183e+01
8.455923248596533881e+01
9.742539857713095941e+00
3.541986085440930054e+01
4.154236031280414743e+00
6.442024664856589311e+01
5.891452601845946191e+01
8.477346621861147469e+01
9.227777719284070201e+01
6.709948319607589440e+01
6.329422096625818739e+01
7.313499138977479674e+01
7.233552055364501143e+01
5.523360483044130120e+01
6.534206573273590379e+01
6.563843502379452843e+01
3.359621230484886922e+01
4.615965453270080587e+01
3.695615873832121565e+02
1.457459083930302590e+01
6.682533842190643725e+01
6.394274225268121725e+00
8.498831422399260305e+01
2.963147028518696757e+01
6.928318899854228619e+01
6.865397295491122520e+01
8.544315828025763437e+01
1.091415876487653769e+01
6.111862406080297205e+01
2.452849493064709208e+01
7.949645356216647940e+01
6.183977810131527519e+01
1.262383959275112844e+01
5.005005106066970910e+01
3.179601669331218616e+01
1.328385306387608580e+02
2.535737909533785128e+01
5.660906825533575670e+01
6.071047660083324615e+01
6.983464301270282704e+01
9.972647081610352515e+00
4.639179006763007607e+01
2.748892771430685684e+02
1.289117306596026324e+01
7.191306134536537797e+01
2.836018239051134771e+01
3.986383030304519082e+01
5.731032922651335326e+01
8.248146637634914669e+01
7.121625335521788003e+00
5.216435669722785207e+01
8.246072701347537759e+01
1.131029218742894926e+02
4.740390680656643951e+01
1.448064753467481758e+01
7.632184630569418005e+01
2.107465294857237126e+01
5.587535016153643141e+01
9.460364051272203767e+01
6.654780354278773302e+01
8.592086685416044034e+00
8.603000448888012386e+01
7.149803153596805316e+01
3.354847580208705438e+01
6.600677830906579402e+01
7.747872700551315006e+01
7.392327713193492400e+01
2.763253697452060287e+00
6.845001537934169278e+01
8.499558044683615776e+01
5.479592896247010003e+01
5.850925576141359841e+01
1.413276261977766808e+02
2.866648734656876485e+01
8.799541086642923915e+01
1.295621496611766190e+02
9.837748985752598685e+01
7.145836832970339003e+01
6.348544216637646542e+01
9.282621357371786530e+01
1.546198935059058499e+02
1.768405143026165049e+01
7.561770794282938368e+01
6.559200547318461361e+01
2.091822050754917228e+01
8.918365595608655383e+01
4.235641578290550768e+01
8.509008958920543364e+01
1.615850745987414783e+01
1.444510358934308947e+01
7.119075957726997217e+01
5.801609128052847808e+01
7.076662528283978304e+01
6.927817306180169510e+01
8.132670057875964176e+01
1.951626695862922389e+01
1.408482383830005702e+01
5.563424227630549268e+01
6.198633646623791549e+01
1.827845959707239842e+01
6.153571579811545433e+01
9.255763050152233973e+01
3.903498985201888161e+01
8.162413387825216660e+01
5.073692038678168359e+01
3.107580339329798047e+00
7.483232898856682525e+00
6.321496458981005873e+00
8.129162625112540752e+01
5.609068067374604283e+01
6.121311785497748303e+01
3.361890255530777250e+00
7.697183207019457996e+01
7.029829259171010847e+01
8.627897595643774764e+01
9.390508442608654605e+01
6.834354263728300793e+01
3.224778403583687947e+01
9.468988448746887343e+01
5.902940445750781606e+01
1.799618605971462415e+01
6.966453659870381898e+01
1.964900756365712553e+01
8.563201948400714514e+01
6.803376171575776254e+01
9.375612917244089317e+01
3.231114106382706908e+00
2.571575322631379734e+01
6.277403115822609436e+01
6.794563985574140474e+01
2.002661750856934830e+01
6.565980980265699429e+01
1.359325315483205721e+01
2.992324243782399407e+01
6.710121052071771430e+01
7.245163218650735359e+01
1.391203627536323211e+02
3.518889033945055900e+01
3.362063775784675101e+01
2.108418765311612617e+02
2.826390071101370793e+01
6.030453138270489433e+01
6.899262564031471356e+01
7.941505278159949910e+01
7.220006965840714486e+01
6.330711181624400297e+01
7.573868963041762470e+01
9.604906405703394512e+01
2.486402537941549085e+01
3.333508796353695658e+01
3.210701948354570590e+01
6.670756239302546931e+01
6.259405314885623284e+01
6.453512603883734755e+01
2.272696325399939212e+02
2.816592127104507881e+01
8.238408547797205017e+01
1.087302448007683786e+01
5.609420660330307840e+01
6.905855559754228068e+01
6.289331376284867048e+01
7.032543110279361542e+01
6.197551974965249144e+01
8.220086160180429147e+01
8.985324898917977920e-01
5.472492556593578428e+01
2.650756130785299902e+01
1.451154780604668382e+01
7.067853568952803300e+01
8.445600914228789691e+01
7.373913140707586411e-01
1.181910441534967404e+01
6.829947341693210205e+01
7.228520184312917252e+01
7.482640895264009373e+01
7.953154692549058780e+01
9.579371256771348442e+01
2.044678320906367830e+01
1.161318239241508508e+02
6.736538433169792484e+01
8.672417367883063832e+01
6.037747148302158706e+01
1.007213999638470767e+02
6.247515654590555556e+01
4.852916353418938655e+01
1.645746682584533271e+00
8.864015484275201118e+01
4.067978445489456085e+00
1.213015747847599890e+01
2.386304663111119240e+01
4.126396147700440054e+00
6.563055995775030738e+01
6.105685176372600154e+01
8.186218767874302671e+01
2.977417364609298733e+00
5.047899404789693989e+01
5.201183632457604489e+01
6.269100461526677748e+01
5.839236152898518384e+01
4.323625958269340686e+01
5.861957889225412544e+01
3.169471176583104111e+01
7.038126472322812788e+01
8.813804332706138212e+01
1.482098901845188621e+01
9.579696168192825212e+00
5.761965697658134644e+01
9.885689430659482468e+01
1.100028354662422601e+02
6.790875199614146140e+01
6.798093421335296682e+01
7.521715325764721172e+01
6.694004708457268471e+00
6.657691804101759203e+01
6.667259100556505302e+01
5.681234407674253362e+01
1.184299132904461658e+02
7.336443009032196372e+00
5.848344300116899319e+01
6.871559828246374479e+01
7.183143994819253919e+01
4.029463455280401263e+01
6.358552252408607330e+01
1.420888877176212084e+01
4.586274220412745706e+01
1.525977948418068024e+02
6.399576730565171090e+01
2.979586286499573244e+00
2.926806957805562703e+01
6.600700980809241969e+01
4.373261045278387371e+01
6.560748719769783577e+01
8.013367258085373201e-01
1.696451887252229369e+02
9.528135786787336770e+01
8.295898478188661329e+01
3.221599169347558700e+01
9.546951310253638212e+01
4.253830247154471778e+01
8.508404362221719452e+01
1.528927490739895667e+01
6.604432294570858630e+01
8.596108807352463543e+01
7.502790711475317664e+01
6.235032989633604217e+01
5.748463732696015427e+01
5.522690017618301539e+01
2.934422096853373851e+00
2.288597517871952647e+01
7.209354517994991340e+01
4.743798334720271903e+00
7.199004972501636246e+01
6.584776433173765042e+01
2.259422074601799935e+01
9.216119520788251407e+01
1.070533369013570635e+01
6.435200097214155335e+01
7.171776201972583920e+01
6.559589716586044972e+01
1.929107733598375205e+02
1.612161787404793856e+01
3.456851539889919422e+01
5.437807453273036629e+01
9.808663057015941433e+01
4.618692629909123326e+01
6.653511320569963061e+01
1.380824114941771654e+02
6.361072383841676015e+01
6.898414649708878699e+01
5.715483715122533503e+00
1.118895322280865656e+01
3.889665969424979863e+01
1.387551095376318244e+01
3.183451469817806689e+00
6.800770365482769364e+01
2.034544524138038923e+01
8.338302634706502658e+01
5.548818095384973503e+01
7.792372358984108871e+01
6.845124839584090637e+01
1.349287701461970812e+01
6.458186368777242592e+01
8.321489091059756049e+01
7.539653672282614139e+01
7.878942147317863487e+01
7.565247107999032217e+00
1.088541431121775815e+02
7.692766034375945594e+01
1.338390080695389983e+01
7.998451021465844235e+01
5.340102265992364750e+01
9.541027024959092273e+00
7.601375795147635017e+01
7.571534816805053936e+01
6.536358533285346084e+01
1.225460833837124319e+01
5.788075246741256308e+01
6.830848409312444858e+01
4.162254939456952130e+00
1.317819574215536083e+00
6.769938571569504404e+01
7.706800707359407454e+01
6.453981376055182295e+01
6.677654433787742505e+01
1.228437789994948730e+02
6.446421714663188141e+01
6.803099566381047225e+01
6.946832472874206132e+01
5.801607556292200485e+00
1.043472986158501747e+01
8.549660845136220644e+01
7.665706542626244868e+01
1.169449452735671890e+01
2.669710338208927070e+01
7.138929521974766601e+01
3.145159479540827263e+01
6.499234278421334920e+01
9.034493202634087083e+01
5.957096535722479302e+01
4.654721065554657145e+01
7.262051775603484316e+01
7.074314852816587518e+01
3.376036149782038365e+01
7.085035595945247167e+01
9.278108045600944820e+00
2.673591192823516138e+01
1.070385990670973229e+02
6.823189898232625694e+01
1.002441856319311597e+02
6.095365028802780927e+01
4.564970096654699461e+01
7.544340321320578369e+01
4.069924085196326757e+01
7.067687304743454746e+00
2.852263736048676890e+01
8.634488671119233061e+01
8.164390588598351428e+01
7.523398285279984066e+01
9.082287942383301527e+01
5.376816066141282136e+01
7.725719719483714698e+01
4.402684365941959754e+01
5.940234031708836682e+01
7.197432165068154575e+01
2.879002059392937696e+01
7.513163951612750679e+01
4.358864348119075061e+01
9.180048200643356893e+01
1.428347120306076476e+02
1.066490981410650818e+01
1.222655873259430237e+01
7.002778990851321339e+01
6.623800188170278602e+01
6.533597394858345808e+01
9.480199981641349893e+01
3.835965239964541951e+01
4.825491472350817190e+01
8.988144662841716581e+01
2.111410732706676541e+01
4.967462624361099444e+01
3.600350135996475132e+01
2.473607598870615121e+01
8.561607757157278797e+01
7.467624130406591121e+01
8.901563936124449583e+01
1.210877720182843298e+01
1.322377726838689682e+02
1.298657552066611629e+02
6.008967263695029004e+01
7.968484304924707828e+01
5.784201428185011906e+01
1.329227149070814846e+02
2.237207009032231397e+01
4.326194277510609254e+00
7.152221401951906898e+01
9.008736823025110141e+01
8.032639247935117055e+01
1.770702691572286014e+01
6.677766971671387353e+01
9.007656962626002439e+01
2.167551859935289116e+01
8.416886492777521767e+01
3.207302094519236135e+01
5.928222315494202377e+01
6.655301938942471907e+01
7.325024024428638825e+01
2.681100090032686012e+01
2.793817894555581827e+00
6.113995856744735136e+01
7.023286142205222404e+01
6.983214010007904449e+01
6.453474691511024730e+01
5.781110564043102329e+01
6.834989200912293938e+01
3.545139214392690974e+01
6.216842301928092240e+01
3.179447555147777038e+01
1.379826229235436941e+01
1.357794490772489482e+01
2.920280233583958385e+00
6.382845266982288734e+01
7.570247749133825721e+01
5.791976567754280580e+01
6.499688131613045528e+01
9.210291039919471956e+00
7.155372123616469082e+01
7.741968932051550212e+01
3.240387511734017068e+01
2.083509097044791645e+02
1.000217906255337397e+01
6.603852212916844167e+01
2.582249655057833948e+01
2.352460461307717310e+01
8.818392170832909471e+01
4.722888216990239130e+01
1.130949681898927253e+02
4.528151179559061745e+01
6.058615064388314408e+01
7.424298605435694753e+01
8.275911599113240413e+01
8.562130632922611539e+01
5.371984128169138017e+01
1.598851710635964807e+01
6.917905851405008377e+01
5.530714895350435967e+01
3.532386509144859588e+01
5.469915695925929811e+01
6.238558414698928090e+01
2.201532058623412169e+01
7.529689486039109170e+01
9.473452740369201308e+01
9.251176076614636656e+01
1.002305137576043705e+02
6.381514036411238067e+01
7.020905424226403113e+01
3.181968859950419670e+01
2.805403300363944030e+00
3.079109357709176464e+01
2.726991514691659972e+02
1.235451012120867453e+01
8.445754790792791766e+01
1.082776502170702599e+02
3.204744395743153262e+01
6.564596558943661364e+01
1.822886923990808157e+02
5.392081824951020508e+01
7.557958076906922429e+01
1.504051536434135095e+01
3.485884888397446368e-01
4.277673660951905710e+00
6.924617180711719300e+01
8.688474913505453401e+01
9.721135023518672824e+01
8.356958461404569505e+01
5.601733502663743991e+01
2.867150928501907003e+01
3.787085750537514883e+01
4.811682030586991488e+01
9.558599117088425601e+01
8.477700833100843170e+01
8.449990590348785702e+01
6.875097141530186207e+01
4.086121986130750372e+01
6.349434377215043668e+00
2.811655779873954586e+01
8.790673528930665270e+01
6.905717106827835039e+01
5.700625381549843240e+01
7.335795628109286781e+01
7.260491278387878822e+01
4.264391200555634498e+01
2.187800999520907297e+01
5.862151164727368524e+00
1.676024843704826992e+02
6.887260956788522570e+00
1.167276489311517906e+02
7.569963996665600803e+01
8.020900026182485476e+01
2.045461942422029011e+01
6.405673950733925537e+00
7.240742290806173287e+01
6.321293572062164401e+01
7.054941667144250417e+00
1.331550810950924379e+01
7.063304391557453599e+00
2.762438363272041641e+01
5.225796515784729479e+01
1.541301583685132925e+00
9.490212457146011360e+00
8.930401703677404157e+01
1.407465090686921272e+01
1.492256838149101306e+01
6.500410331140577114e+01
5.671209745285523240e+01
7.034262128530006919e+01
6.751193930346684624e+01
5.934226125571304777e+01
7.542365938540241643e+01
6.408190503180443898e+01
2.042983528111919611e+02
8.707151814197698059e+01
8.674266537554255763e+01
9.293316476660452352e+00
8.681218009656529944e+01
5.524348763035153098e+01
6.623982686075464699e+01
6.916447418743867814e+00
5.514573386630567597e+01
