9.018534202600214655e+01
1.431842655492020526e+02
2.344065184987859318e+00
4.265450798238763497e+01
7.941632869354897650e-01
3.428088410080931681e+01
3.753378460164977781e+01
1.449720366894865151e+02
5.609691570360377710e+01
5.317600793819774019e+00
9.461833763694309596e+01
8.187315155283769741e+00
3.001272308964604463e+01
4.546783780527189833e+01
6.600511664788284349e+01
6.549059574843931841e+01
2.623252797665792713e+01
8.182560152393610053e+01
6.141491149450947518e+01
6.867488299089302473e+01
8.672987174029444191e+00
1.568641498287320815e+02
5.885460820620820499e+01
6.862059339290824767e+01
8.478978256588753482e+01
1.968493433294666417e+01
6.770183444959026531e+01
5.906564438300036102e+01
5.985692938156062581e+01
1.444109651187243344e+02
7.041715326029614630e+01
6.921751724276586515e+01
2.179363583189930509e+01
4.311642680650349746e+01
2.541041472981013882e+01
8.643264612727948659e+00
6.419238418392917822e+01
1.065112854949950183e+01
1.743916515268890066e+01
6.257315345965243836e+01
5.496322698459506739e+01
6.083934645067009939e+01
4.515136637146621723e+01
3.832398989960563540e+01
3.247823912703680094e+01
2.558739727253863805e+01
1.772909091069117551e+02
4.560668354595059526e+01
5.987200168064757122e+01
1.551840315319543695e+00
5.292472338611602112e+01
1.440499463182692068e+02
4.519963957395059850e+01
3.822122971291157256e+01
1.593691771729684170e+01
4.624946617027925200e+00
3.468601599364702537e+01
9.054284253426072837e+01
2.257214810551130313e+01
4.666556442016486983e+01
7.904553740315000709e+01
5.970462066890749497e+01
6.083792371546586963e+01
2.771898801183754202e+01
7.665628042651155383e+00
1.482718771718783479e+01
5.803807347408092454e+01
5.516239462359953194e+01
5.331913723390512416e+01
6.291423750859483022e+01
6.502425850418653397e+01
6.339204193143557653e+00
1.437100666962725199e+02
7.010844693759348445e+01
1.734172750277389596e+01
4.560662320416610527e+01
6.621689490239054976e+01
1.982487572764331958e+02
4.793086044815223801e+01
1.660143550194898125e+02
9.931020926369320989e+01
1.820306425351571944e+00
2.833389172340758932e+01
6.524264082792426223e+01
9.952819865374804920e+01
7.066845564512314581e+01
1.831220821245886441e+02
9.775211334268088592e+01
7.945397742361775784e+01
5.893414397084782053e+01
4.827481456552361294e+01
2.936504081413688994e+01
2.340461858204749745e+01
5.921780016120093748e+00
3.292213244157589003e+01
6.434773590621296080e+01
6.969308188627809386e+01
1.523280765837737931e+02
2.530948836318974315e+01
7.328182851117217922e+01
3.352996446478648807e+01
1.594337197495668477e+02
1.641285731794725109e+02
8.874643988063442634e+01
1.358024983063488378e+02
2.750025071968737578e+01
4.354473387148167518e+01
2.168470626896947806e+00
5.888763386874872907e+01
5.842280022932491335e+01
1.619612058357865862e+02
4.911259986897760399e+01
3.231409132834144060e+01
1.022412549050760759e+02
4.034053793497012919e+01
5.411723809593087253e+01
6.099712156414202013e+01
4.549510498387597579e+01
5.749506815111354285e+01
1.459146160279898368e+02
7.571618970852789232e+01
2.077717603752604703e+01
5.969305641997313217e+01
4.758114593366405387e+01
5.724223830702359805e+01
1.093060034479776021e+02
2.034140929839514556e+01
6.950520828467183776e+01
5.226341686936613229e+01
3.383428160841712895e+01
6.896992547809301044e+00
5.940303913175009143e+01
6.504504925782026703e+01
7.127004290111081275e+01
6.792374327657633160e+01
1.158539410448313589e+02
7.077428566282185329e+01
6.168375381056553408e+01
6.264758467169652079e+01
4.783177541928263565e+01
6.049606483195378814e+01
8.758101220705833612e+01
6.681894181439321301e+01
1.059191534873285079e+01
1.150217286263931094e+01
6.065987011851366617e+01
6.888329375786220510e+01
2.284522868083547209e+01
2.393050280655503315e+01
5.815152262383021053e+01
5.423128526856113751e+01
6.644561191667085609e+01
7.268939188735392065e+01
5.908042039570521098e+01
6.402518212392720898e+01
1.754430485693656863e+02
1.727574906317877890e+02
8.840801840215894458e+01
7.388692592868956410e+01
8.016685973719222602e+01
6.740148882308750444e+01
6.486261702375958293e+01
1.065046255686579874e-01
1.379709457864071851e+02
8.761864575020874568e+00
1.188965088460287944e+01
4.774745124215939995e-01
7.630010277112705630e+00
4.477746258847424343e+01
1.748281389541490114e+02
5.822902577326686213e+01
1.091040734214876977e+02
1.538066766687277038e+02
6.353928928393867182e+01
1.582499141398946918e+01
4.270742764255847135e+01
3.110075399490519388e+01
6.141869667110501751e+01
6.697827642823006045e+01
1.344140657213135341e+02
5.302989319590326289e+01
6.981919737270222015e+01
1.292180939678964933e+02
1.066239608131688072e+02
6.019479907071450242e+01
1.155022939954964585e+02
6.733594844856210671e+01
5.241745206955980763e+01
3.437830874695559658e+01
2.801966497777586085e+01
7.011578574866193492e+01
2.010617417785336869e+01
1.736818916000753745e+02
4.121411672603443321e+01
6.582925657760158344e+01
1.093640970989278713e+02
6.765635553651108580e+01
7.593376479016640701e+01
1.933515089914678811e+02
6.163347700064105084e+01
6.431144804356959810e+01
5.790411114545062077e+01
2.708777063480995295e+01
6.220926005347791232e+01
6.332582577898105569e+01
2.566074565313676814e+01
2.763072802273758910e+01
5.710334308271205117e+01
2.798242651693695748e+01
4.990737747472917363e+01
1.259500137445851209e+02
6.140398709246669284e+01
6.585343834536948293e+01
7.191676645948243163e+01
1.503549081819059730e+01
7.827310224370211245e+01
2.336321063366545658e+01
2.122794803690915799e+01
5.226744739358461800e+01
6.426402742377536015e+01
5.176977780043037569e+01
6.326495758795270774e+01
6.569623458718820075e+01
2.986522244014319583e+01
6.727466663546296388e+01
6.491272873536277643e+01
3.021198862068105129e+01
6.716012452864292470e+01
1.972751145019832109e+01
5.876743817518800483e+01
1.348681216110962566e+02
5.818636998177595387e+01
5.839621462677546049e+01
1.453273641901373647e+00
6.064293556785866457e+01
8.479301522457087970e+01
7.821255184154381368e+01
1.323912499421850839e+02
5.028780823845418979e+01
6.245661537422758158e+01
6.647658983765018093e+01
6.946744556048096797e+01
3.245577901278966237e+01
5.802395373301413173e+01
1.207076324191512384e+02
7.637419729539583102e+01
5.685251756348132623e+00
5.682723791412678338e+01
1.731457323333247587e+02
1.995528561634167488e+02
6.710178724632348235e+01
3.062304847089502147e+01
3.690973879690054815e+01
1.729837162566198003e+02
1.209170486158425604e+02
7.114230629615421719e+01
7.556536056757546760e+01
6.891270545221868815e+01
3.878461835275179936e+01
7.357833703415914783e+01
1.357101213240867423e+02
1.000446756350992246e+02
6.185421696402562475e+01
7.725720555280358326e+01
2.974981479402278950e+01
7.843418803444266985e+01
6.358085420583621783e+01
7.450917562814964867e+01
2.602198737885203528e+01
6.936057566414442022e+01
1.562007754955780001e+02
1.090411348473704862e+02
6.049110962479653608e+01
8.104076788312569590e+01
9.287298462082890183e+01
1.289009223607531567e+02
6.982819354088287866e+01
1.415809671049171037e+01
6.715731653570091453e+01
2.098589803270327536e+01
1.687304827014458795e+02
6.483674031121485370e+01
1.906340495649100149e+02
1.711458957113666486e+02
1.655301257519953140e+02
6.880909082389305809e+01
7.237847411632469807e+00
1.452389125328563466e+02
9.599373689443094548e+00
5.398964863270852277e+01
2.557573868215141744e+01
1.356649854517725089e+02
3.442270914997125431e+01
6.931402775867441335e+01
1.965370187445527961e+02
5.855217616456727114e+01
1.473681487518160971e+00
6.702320350432081852e+01
6.526124663614265842e+01
6.890391171604403553e+01
7.719437294078026923e+01
6.604864554229871487e+01
1.037979599139760296e+02
6.330273044153268813e+01
8.319817843614660546e+01
6.902254274087566444e+01
6.521896412931965870e+00
4.924545421566439529e+01
5.104768649401991354e+01
7.286671950292829081e+01
1.430590865762517296e+02
5.959769469707102729e+01
2.903958846230797519e+01
9.128774574233513572e-01
1.520323272326325181e+01
4.976500086904709974e+01
3.138812929862965362e+01
1.337287369842021789e+01
1.306502483379649249e+01
8.874389068908578793e+01
6.796597509125388115e+01
2.866809273887411891e+01
1.486339782346489926e+02
1.376163320486660098e+02
5.481275704484366429e+01
1.332452857840835136e+01
1.697287947023716015e+02
3.840838127152441217e+01
5.726141033999383012e+01
1.072629445155656214e+02
7.023623287816499783e+01
1.075318356556246897e+02
3.571191528186756869e+01
2.176910364262774067e+01
4.444285993702599313e+01
3.170550902105954805e+01
4.038920358328313753e+00
1.359373840909774067e+01
1.381903274042841474e+02
1.262157701951165478e+01
5.328233411174838352e+01
6.228737374938202009e+01
5.522182420526647206e+01
1.241853677573436840e+02
1.086641788638698003e+01
1.087914944210700412e+02
6.340906509126112667e+01
6.990950415873957979e+01
1.521722998796171851e+02
4.138299243601408506e+01
7.054864423589408773e+01
1.145800048515784226e+02
1.253509817075607629e+02
1.782575944213095624e+02
5.757702161980692779e+01
2.217917724004723823e+01
6.193734877593692545e+01
1.080792042052878656e+02
5.470790702120604720e+01
1.716564383917936993e+02
6.043883574672133818e+01
1.023807117432696323e+01
2.034143969541171160e+01
2.126567926631972583e+00
2.064559239706550198e+00
1.073842820440043226e+02
8.295419358266633481e+01
4.614476704227985060e+00
6.483175130293243171e+01
1.399017935289167553e+02
8.555858064698367116e+01
5.774830743521575727e+01
7.341472958633711698e+01
3.049488549357033840e+00
7.013636361525522034e+01
7.973463523926234586e+01
1.404196540581242800e+02
5.395383231103647859e+01
5.926935845812329262e+01
7.702583410596048452e+01
7.294421795252409879e+01
8.235495612837804913e+01
1.006019381202847711e+02
5.463248766206084639e+01
6.717376521361346420e+01
1.736731509835649376e+02
7.930167177480484497e+01
6.097774168593092270e+01
1.158946338077216183e+02
5.301844637204196076e+00
8.089944951137736950e+01
8.204333876299317296e+01
4.926654580501610781e+01
5.806114973132940094e+01
1.998017265482649236e+02
5.485832265718231326e+01
4.350326687181794938e+01
1.438211537372114321e+02
8.449090362461680570e+01
1.966629316423208991e+02
9.818327086119232661e+01
1.461021037708816266e+02
1.965076950654265886e+02
8.071920755897053823e+01
6.834946443715119813e+01
9.780697429858008718e+00
9.181008847343099433e+01
4.230012661320103895e+00
6.886171175831978530e+01
6.180581901885145868e+01
6.875292829215591439e+01
1.804972965872210864e+02
6.825634010516449734e+01
6.654624939940298134e+01
1.483860386020657529e+02
6.285585624640222591e+01
6.834666915069533388e+01
5.638895164978745100e+01
1.758801840604837139e+02
9.320766733954961580e+01
5.279069561956258205e+00
6.223288313069032540e+01
1.119253301603664141e+02
6.884305402567420629e+01
9.025187606649734562e+01
6.196035798537619144e+01
7.398661869207906250e+01
3.490681827166941531e-01
7.767651713397523849e+01
8.655309921503270232e+01
7.463260800997456101e+01
7.477987141744178246e+01
6.141155476795707813e+01
9.758186655419838473e+01
9.501934348269702468e+01
3.743300189236910569e+01
1.479153280664598640e+02
1.232211901261673432e+02
6.579112114868215144e+01
1.272627882487573032e+02
6.237879057935838745e+01
8.288234831208032460e+01
3.719851243491805093e+01
1.029412440770532271e+02
2.766231634312321574e+01
3.722648380588465589e+00
1.389801255992035180e+02
9.634436893274441616e+01
7.814058983642121348e+01
6.678614482758079873e+01
1.505680442861442145e+02
3.854582200454041896e+01
6.881326951604569331e+01
4.020235028994156856e+00
1.421068645668666086e+01
1.185513684630346063e+02
6.501063318632650123e+01
4.350483997107706813e+01
7.921880362867047154e+01
1.717470631342183083e+02
9.886712752991581254e+00
6.427231194832538108e+01
5.227538953527549381e+01
1.554437412212044478e+02
6.813798660436330579e+01
8.081219662942491055e+00
5.163773088079436491e+01
6.460425796804496201e+01
2.685574671114741108e+01
5.341663160320779724e+01
7.492892727149066445e+01
1.137582874486909219e+02
6.581645258684487487e+01
6.143308946684338423e+01
6.295000930955629848e+00
8.378004004128648319e+01
6.580545384748494087e+01
6.354178006661054923e+01
4.115520406062641712e+01
5.230136235270468603e+01
6.841338702903196634e+01
1.519057822354147333e+02
4.671643428132153275e+01
7.806845756700391803e+01
1.367595531538572651e+01
1.630423463878715040e+02
6.870674255416827236e+01
6.525346507905638305e+00
1.431894248042609092e+02
6.073416142482378888e+01
6.932083875790155503e+01
5.408763572135273812e+00
6.891288968273809701e+01
6.120073719933777312e+01
1.182061161942214511e+02
7.674896667773276704e+01
2.176693150282637035e+01
1.037117380029769436e+02
1.184764918938172400e+02
2.111799938957644329e+01
8.081401124560542826e+01
3.834080903786019068e+00
4.589480299657077467e+01
8.648972783505225692e+00
6.940452672868936190e+01
3.603629866817065763e-01
1.968784956626501881e+01
7.522645070497659958e+01
6.210867008103934950e+01
6.239741920307920253e+01
2.273150272670905636e+01
1.545660065867033666e+02
5.999857003217035611e+01
6.681207037922017378e+01
1.764271560479158438e+02
6.623769850672583459e+01
1.453009462858699692e+02
2.219811634508952380e+01
6.941932916105089646e+01
7.850541535236969537e+01
6.574806762870619536e+01
1.903259017367892625e+02
6.329046570694190166e+01
4.377916864317190715e+01
1.074695461688979066e+02
6.051100796279727234e+01
1.100888884162500005e+02
1.366291823830843555e+02
4.556202545926075231e+01
9.911880864705541683e+01
7.463959204065130848e+01
4.696881293156698689e+01
1.079361607781144095e+01
3.599977972168596807e+01
3.578243115377616590e+01
6.472609509371147851e+01
6.026300506422859371e+01
1.407886604800704822e+00
3.510258735315474610e+01
6.752852573242485335e+01
7.327612237822013697e+01
1.420501056601307539e+02
6.186483917185422143e+01
6.875918256640206039e+01
1.498933731417315585e+01
5.627529042380519542e+00
1.784543813086554209e+01
5.051715509743347354e+01
6.689229208780807312e+01
3.229607809266442331e+01
6.484715146873337233e+01
4.648655683618385126e+01
1.317290899777000313e+01
1.536656461190568450e+02
8.687510725032036873e+01
6.295732853467148971e+01
5.922353769882649743e+01
9.607047923076761720e+01
3.194471618362602072e+01
5.146065137096989872e+01
7.437756813469192707e+01
1.398450115149097428e+02
1.001872665952149077e+02
1.170555735033424583e+02
6.643941600028322902e+00
5.645589981680986469e+00
2.213447169943363235e+01
5.676168530023959136e+01
6.711233723457203837e+01
1.699051628180558566e+02
6.284009817130504416e+01
9.721329180641578205e+01
6.280350516016001450e+01
1.509774459125760586e+02
1.383451026940677675e+00
2.862949569809904915e+01
3.427402507761243555e+01
4.793019796293434354e+01
1.126982227187138648e+02
6.316119664985780702e+01
4.741173553265424090e+01
3.733247195274309149e+01
1.299094340670892223e+02
1.195697639060408193e+02
7.176071829411974079e+01
3.470801344233720442e+01
1.891949919355389795e+02
4.309724900587031726e+00
5.450382696192388465e+01
1.024919153285788838e+02
2.282248487995256170e+01
6.445534599696453881e+01
1.406330846232306442e+01
7.239914886652219650e+01
5.203799817420951257e+01
7.661020811542270792e+01
3.022017794661928036e+01
2.367070328467540818e+01
9.055492657195635786e+01
1.615801186914364962e+01
1.563318357456858223e+02
6.452656396262693761e+01
5.835603586217251149e+01
7.072379367909485381e+01
6.724200430146656515e+01
4.353060379809841152e+01
9.614345280365994029e+01
8.862392248561505426e+01
1.081003631619770289e+01
2.595846153772414677e+00
4.427022582699645881e+01
1.675012021279757901e+00
3.213538494671855261e+01
7.643940822515348010e+00
5.092775358003551389e+01
1.330556917590602666e+02
3.766248816025934332e+01
7.772101422728698594e+01
1.645925924875544979e+02
6.012531145055433512e+01
1.874937714400169000e+02
6.551486206394044132e+01
6.496695400611260141e+01
3.482692362774395178e+01
1.993088806744972032e+02
8.762250149207434902e+01
6.420811909958281660e+01
6.807230844609678400e+01
1.039349435216203119e+02
1.557004558015005991e+01
2.825254254664718023e-01
6.112741434741980129e+01
6.492103119799122624e+01
7.841511185070253021e+01
1.067746215138173138e+00
8.533236480647479993e+01
1.902999571537255292e+02
2.330914888032758014e+01
1.338009120559310645e+02
5.669615572342972598e+01
1.617660493189903193e+01
4.939603448013624387e+01
9.364295508288195791e+00
5.263449824418358247e+01
1.970891015295839281e+02
1.436616187052670455e+02
7.999598177178303615e+01
8.250144866310753500e+00
5.474667821617605057e+01
1.950321127186846013e+02
1.251286934973083049e+02
1.143907633159295756e+01
1.172599786652733087e+02
4.440894643344458359e+01
1.432519885639084691e+02
6.387659255236048494e+01
5.716152249846477673e+01
5.751546719149466469e+01
5.071892342569127266e+01
1.234639350449050994e+02
6.169527913106715999e+01
6.635769889260546961e+01
7.690190365175601528e+01
1.343260277826694278e+02
1.221957622801364494e+02
6.652194227500791612e+01
3.074347780518131401e+01
7.839096913070954997e+01
6.946307205467991253e+01
7.341140994746861281e+01
4.905474681476827925e+01
1.251337155420158496e+02
5.697887604741562484e+01
1.316668284367671049e+02
7.504351451802502293e-01
6.666562692993257144e+01
1.439918001241532295e+02
5.370785978321914911e+01
6.008103302055883432e+01
6.364046283099214207e+01
4.802079560236847300e+01
1.293745453499844587e+02
1.895756318245837235e+02
2.343807286439327342e+01
6.716046721490620541e+00
8.544194879657230501e+01
1.092531423387874270e+02
7.422197860437400152e+01
6.348096199631881831e+01
5.845628768715918255e+01
1.619447903717690096e+01
7.023917033906947438e+01
8.283026135667373069e+01
9.274829802208208207e+01
6.403531938130038270e+01
4.134781606476874316e+01
1.045248532098158911e+01
8.562651678762820495e+01
4.285835819960983883e+01
1.788416781568267311e+01
6.957419347146306166e+01
6.436876567411560757e+01
1.565403123887329002e+02
6.637887842621206858e+01
6.718109471183885262e+01
1.504546708535825132e+02
6.254812117551501416e+01
6.868114165146003813e+01
1.249635693708475657e+02
1.009719121733762677e+02
5.343848321792721379e+01
6.328054996826704581e+01
4.316608767432257565e+01
3.563829144912624969e+01
1.116672852138802767e+02
1.360650421674345267e+01
5.964657399235255042e+01
3.038205453807534440e+01
7.128862931046028528e+00
8.384445616517682254e+01
6.883955356445943607e+01
6.676919991588700043e+01
7.312988373026283284e+01
2.586095146887354446e+01
1.407100050810769289e+02
1.480185143347067367e+02
4.955848476705602224e+01
3.995852308265531860e+01
1.459114011921480625e+01
1.885205019545706477e+02
6.525368865495705961e+01
5.379027752627381886e+01
8.595274336452980890e+01
6.239133805959750134e+01
2.548297356903610478e+01
6.464505553247246894e+01
8.553177599654280527e+01
4.890101441195548659e+01
6.513515798995125294e+01
3.384833903776856801e+01
7.982011669387451036e+01
5.154656489725235602e+00
2.790813219087714359e+01
5.709380499976060008e+01
1.687046685951049767e+02
6.491736303887520876e+01
2.931399704238599213e+01
5.770404282397488771e+01
1.058186042595247613e+02
4.255480899380540194e+00
8.739301606746336404e+01
1.858639055970810148e+02
7.913294105167491921e+01
1.993478392122407072e+01
6.759998427934188214e+01
1.606279545550384213e+01
4.746532559657670447e+01
6.563023515689052090e+01
6.965539503373283026e+01
1.840300832270728222e+02
7.232979918790173990e+00
6.318744078119776475e+01
5.887103132480467593e+01
7.252060435296361618e+01
6.746453119987613434e+01
5.264706692573059144e+01
1.766770294734227420e+01
1.454447960366274017e+01
5.899603617022940227e+01
5.556408554044055847e+01
7.833229528156603294e+01
7.035726584016856577e+01
1.333531979294020609e+01
3.956992249431370112e+01
6.514390630748603428e+01
3.373806221040418052e+00
4.740052474421001705e+01
2.534909089618178157e+01
6.283550350664416584e+01
2.250331557373676361e+01
4.648185338850917248e+01
8.687160844941237769e+01
1.915014964248797753e+02
5.281520839912801080e+01
7.956651182008488377e+01
1.295519299972624481e+02
6.658501429250078729e+01
7.184639609145281725e+01
1.513910252294437271e+02
6.435474706304052006e+01
5.751047941444060996e+01
4.062900476284310258e+01
3.933100129583164772e+01
6.702973597116302074e+01
3.500317232271348900e+01
6.080148930155426967e+01
7.510655353986906846e+01
4.841581987021275779e+01
5.013374969565411732e+01
2.215913381525793824e+01
6.517313445877452693e+01
5.955190840084846116e+01
7.846536238338777025e+01
8.239901028986147935e+01
4.704627952827553372e+01
7.506461346068452656e+01
1.000035662707070401e+02
1.897448196725910634e+02
6.086073779229093361e+01
9.914737242779141013e+01
1.778113096572974428e+01
4.733547742887438403e+01
9.554085394118581576e+01
6.469435435788432187e+01
5.686447584133179589e+01
5.995184196403560151e+01
1.855478803802282641e+02
3.291689561728704660e+01
1.427357477808751014e+02
5.946156900062435824e+01
1.108646936031088899e+02
2.958199076476131140e+01
8.701712071043480989e+01
1.967212225203034404e-01
4.553281009736117824e+00
1.402905006667298782e-01
7.020200006807574766e+01
2.445619844088949790e+01
6.155409686253010193e+01
5.984408787199291169e+01
1.037615534541079541e+02
6.126018888192299983e+01
1.002646461708706767e+02
7.232939730850441151e+01
7.334679010432953561e+00
6.825037305622440442e+01
1.737225932974549778e+02
5.378914785165537182e+01
3.865419533094179627e+01
7.526328120125162968e+01
2.265879024048859236e+01
1.053681299508255442e+01
1.989744385405502953e+02
1.098025834380540289e+02
6.415785564972809141e+01
7.751425266715334317e+01
5.979712178260216859e+01
3.209321041903748295e+01
5.400070451139600891e+01
3.545979276581095263e+01
8.024343790066446047e+01
6.652114566945147089e+01
1.149214336511182495e+02
4.805885382244516890e+00
2.313069564182844218e+01
8.407999998509062323e+01
1.342942953962431574e+01
6.524996456915721410e+01
1.793319755241173254e+02
7.828560423502482024e+01
1.160330917273677329e+02
6.520152678966066162e+01
3.246806483778520658e+01
1.277502736428232311e+02
6.332117705813949016e+01
2.726502604048386402e-01
8.377933058396716604e+01
6.606368776811798682e+01
6.217652759546460572e+01
1.188635463598721742e+02
1.620549903089103339e+01
6.728636495693835684e+01
2.099511331434154116e+01
5.843335530821170209e+01
1.102828564527513677e+01
1.868504114209793556e+02
1.340120797420120198e+02
6.979337728162661847e+01
6.655341546293823285e+01
2.143122956874387697e+01
1.745238410005393703e+01
6.014552971641193579e+01
1.233330823066327611e+02
5.831497749303414935e+01
6.281631397907877812e+01
8.896156292374769237e+01
5.610013344910341004e+01
1.258828885696870543e+02
6.710865389905735867e+01
1.077000883604187038e+02
1.968107173962955869e+01
5.061292306839193600e+01
2.711827402233809536e+01
6.683402831055124693e+01
6.965601967012590023e+01
1.040889814107550677e+02
2.084530491611901226e+01
1.698739242924930863e+02
1.592506572433763665e+02
1.549492682394422047e+02
1.820401695100729000e+02
5.986349344973706366e+01
6.353525620392021978e+01
7.016437794890698854e+01
7.183778087682611613e+01
5.859620278278465832e+01
4.588429017318589587e+01
1.561379951718521681e+02
1.099543982884836311e+02
8.391091697272732119e+01
1.149101390831239087e+02
3.352781442895029329e+01
1.187852859147743771e+02
1.636973932934609621e+01
6.541981143571493362e+01
6.407576037671061897e+01
1.100918459120386501e+02
6.503826166644074647e+01
3.351973077294324099e+01
7.994590085645153010e+01
7.225722593889138956e+00
1.022905417466277669e+02
7.595756615103302067e+01
1.016805898298065358e+01
3.276242913409924995e+01
6.687233544368758942e+01
6.917897975208254024e+01
4.132390946060648673e+01
9.422111876599586822e+01
8.106097121458286381e+01
4.595839656105241744e+01
6.211898856689343518e+01
6.497489898988790458e+01
1.399196205551390193e+01
4.063422725243233202e+01
5.935684918828347634e+01
1.263537167903604228e+02
2.779441927604787210e+01
1.029712636344491301e+02
6.596957832134495447e+01
1.050947790509090254e+02
4.005861790418631330e+01
5.368008353013830458e+01
5.058535388155305412e+01
1.524506892143816117e+02
7.483208565162476589e+01
5.463690013336433893e+00
1.502700760398790862e+02
1.856758378565109524e+02
6.235436394183169995e+01
1.717680930867952895e+02
6.491525393490034901e+01
7.282671662661040557e+01
5.649628763219581629e+01
1.154288492407306279e+02
2.965034757465873128e+01
4.854118636127736863e+00
1.364758683418073701e+02
1.829366126720151442e+02
1.034199620882002080e+01
1.467264967764363348e+02
1.032248402418709077e+02
1.780074166314077218e+02
7.836275254427365056e+00
9.310630701199929860e+00
1.691472030876760755e+02
9.586247438213111138e+01
1.336270905293340547e+02
7.461684603227128321e+01
6.489450677746735607e+01
5.416285228646871275e+01
1.270021122035595909e+02
6.787710584469793673e+01
6.669753728867043208e+01
5.815832360221560293e+01
1.699474550088414162e+02
6.909127136222971899e+01
1.879426554562334317e+01
8.544826248904348276e+00
1.190951811402033371e+02
6.968904926687724810e+01
1.818552845182024384e+02
7.936687202165111898e+01
5.997168844179621061e+01
1.325436636340301710e+01
1.623205723020864468e+02
5.659734303321055648e+01
6.519653211888905275e+01
7.066323876339005494e+01
1.783609761202151134e+01
5.591188489576435927e+01
9.134271564325496229e+01
1.265409676543197293e+02
1.482352797197294763e+02
2.422461600472198739e+01
1.283439502921560518e+02
5.780663416525215581e+01
1.852017113373726431e+02
2.645198589376864717e+01
6.585114254755897889e+01
6.440666496484780623e+01
1.088816542054470915e+02
9.314530438258337597e+01
9.399638093791209315e+01
6.775861474931080863e+01
1.904975735710604923e+01
6.701862626532596323e+01
9.123093889281965119e+01
1.457689103543220313e+02
5.810945361373333284e+00
3.486947799930209158e+01
1.650881570454391181e+02
6.965440422816595856e+01
2.287067385479203807e+01
1.060540138990389920e+02
3.033505916211159814e+01
5.043038134087289848e-01
6.717311207744572243e+01
7.354211108713053591e+01
5.030005007664706085e+01
6.577874831778539999e+01
1.967420606027169470e+02
7.142166842034947649e+01
1.004881075199577651e+02
3.853928813848278878e+01
6.633060247370885065e+01
1.043148731547163663e+02
6.257488313737125907e+01
2.797715024626004165e+01
1.095264482952161842e+02
2.562579910227835001e+01
7.403265886314343902e+01
5.255159577179989583e+01
6.397532324112702007e+00
7.885102454404164973e+01
7.763863134255217346e+01
3.820165158990009502e+01
1.641975731343185601e+02
1.419756028756962394e+02
9.776513428067164568e+01
3.603119013011919236e+01
6.494784372810435968e+01
5.378658662049016215e+01
8.878514336997710643e+01
6.711465995505707838e+01
1.329780652213162000e+02
1.670995413006400909e+01
6.811747746312272511e+01
2.957926981978080505e+01
2.784646826894599414e+01
8.477485940268572051e+01
1.397387381189855375e+02
1.862033012443584568e+01
2.501377688170656199e+00
6.051551137503386713e+01
5.597597733377796203e+01
2.052818533033708093e+01
1.179726559923244338e+02
1.565844275827007159e+01
4.367183839212719931e+01
6.767467709077325821e+01
1.714840913912188398e+02
1.019569139736322683e+02
6.650874181798621976e+01
2.567140018128344536e+01
4.449327944371297150e+01
1.117582118073440256e+02
2.970046661955174017e+01
7.140358762924045699e+00
7.399914146357500044e+01
1.057330578676124020e+02
4.876308524837644853e+01
4.958536284424862828e+01
1.391582680393495082e+02
6.517847437922164033e+01
8.123074145269046653e+01
1.875984280360398202e+02
6.309910925171348595e+01
4.253717279565604414e+00
1.387877599817635428e+02
6.094913830680413014e+01
4.073359717668166846e-01
5.886764034594975925e+01
1.966116317735565531e+02
1.653066106945802005e+01
1.417801189892965965e+02
1.786836744771183261e+00
6.638791186008990053e+01
5.367472034167102635e+01
1.450174895757700355e+01
6.108576775074992327e+01
5.796277192833252911e+01
1.489929398127695208e+02
3.786540034381759767e+01
6.467669409917741064e+01
6.162807419992570601e+01
2.866014552206839028e+01
6.978259013162411861e+01
5.415729886297000917e+01
4.306773000391561190e+00
1.158971330544106877e+02
5.833876154863447283e+01
2.978791539778401720e+00
1.295873721273900117e+02
5.955244242489212780e+01
6.061429655404500494e+01
2.052980998995321382e+00
6.190748725205445169e+01
2.155785836493963714e+01
5.699490151928514337e+01
6.235265017408343624e+01
6.674134527330537026e+01
4.855754095882301158e+01
1.298446520001092210e+02
1.990496604541773991e+02
6.206555633530651050e+01
9.756174939042739425e+01
6.015552578959725949e+00
1.875140158840472893e+01
1.758608155138254290e+02
6.643555784901256800e+01
5.739258616558968384e+01
7.073993766256036508e+01
7.252415077142308064e+01
6.043237666021656906e+01
5.787538110872264241e+01
5.227743006675390092e+01
8.791318718974316937e+01
9.172941489381673819e+01
6.053566811906198808e+01
6.620991939028061779e+01
6.678520462088395959e+01
1.613416294010390857e+02
7.396053254556535705e+01
3.754872272735497774e+01
6.378542625534583266e+01
7.638406638311359131e+01
5.865190827480618907e+01
7.506169658045008930e+01
6.618693079344461694e+01
5.699243732840734111e+01
5.785051576854902322e+01
1.682176551475482142e+02
6.205155408449139998e+01
7.178981833560912662e+01
3.043240865753029567e+01
6.713169599219432371e+01
1.436983740953043878e+02
1.444527837131803771e+00
1.217164593751957291e+01
6.465715375066454840e+01
3.357978964220149720e+01
8.675222313179658329e+01
5.447922913546707235e+01
6.774571574537921492e+01
6.965927252639755807e+01
1.812797628049234220e+02
6.432045900310296815e+01
1.518993313342914462e+02
1.057348374895815510e+02
2.646769060420039921e+01
7.247661889833625537e+01
6.210122982005906778e+01
6.487785395620795725e+01
1.970940635027874350e+02
2.164946443088504680e+01
5.524456812437068720e+01
6.199005151361843247e+01
7.631249135784720750e+01
6.332085474032176364e+01
1.815176750579090594e+02
1.512498149858648162e+02
2.891133935378339181e+00
6.749211230378864457e+01
1.628846463515769472e+01
6.413907201896508070e+01
1.227031558166241432e+01
6.001282133437614164e+01
6.425495806932343612e+01
6.639143737778907450e+01
9.208705589984656825e+00
6.387160953899081761e+01
5.836099316034606233e+01
6.982316731397337151e+01
7.104466521207001506e+01
6.816330636779778729e+01
1.492173935188739051e+02
1.136490971455787680e+01
1.521178531078659546e+02
1.184804830258274961e+02
1.447834430524310356e+01
7.860975902192990361e+01
8.910662145000856071e+01
6.780417837169441952e+01
6.656402188073786874e+01
6.637787298365043398e+01
5.988928654057222900e+01
8.381824358551214971e+01
6.840171014661353865e+01
5.030653762290624087e+01
1.694200406734653370e+02
1.972448372917991151e+02
7.127597096960747081e+01
2.126604930131084714e+01
6.918650421316760912e+01
7.745313777956268098e+01
2.304550723616688046e+01
5.881672400575359916e+01
6.949182780482452415e+01
7.555259969362528238e+01
3.730265177557545719e+00
1.124242482235608236e+02
7.815641445348046545e+01
1.374434693170767048e+02
3.103378072650423292e+01
2.402603334934140022e+01
1.705396438599637463e+02
5.042314881012463701e+01
1.522438530166812187e+00
1.347153058324006167e+02
1.202881238845713341e+02
3.407271315199243755e+00
7.070045377894331295e+01
6.436429524849947370e+01
1.207860363978930422e+02
6.772427295393606528e+01
2.088876408059090650e+01
1.231356687285560980e+01
6.304581977342868271e+01
1.393684379484885483e+02
1.688771156806787985e+02
2.274830752880018636e+01
5.278320371347209061e+01
6.028279560307401397e+01
8.764799822808386764e+00
7.368192692858504245e+01
6.265496086063006942e+01
3.091541185290203586e+01
9.154759730602992818e+01
7.319803661677644868e+01
6.627201900009288238e+01
2.800840512538090366e+01
7.776292112484756558e+01
6.698243146550576910e+01
6.251948202781392894e+01
5.894375534226898594e+01
7.973702811491284592e+01
1.386220560909769404e+02
4.846731596769502914e+01
6.233425859673828739e+01
1.684887292223324664e+02
3.477047584488920234e-02
6.179524913942169917e+01
1.002200113402174075e+00
2.438124327632196042e+01
6.563681565339696533e+01
4.541733201248977991e+01
5.374265183792586242e+01
5.668368289308406105e+01
6.358452959804258597e+01
3.543885268026679114e+01
1.897981357011535586e+00
6.395762599191913722e+01
4.864806171822944236e+01
9.975915592253103981e+00
1.693322899780351349e+02
1.037209129107291403e+02
6.816416616321828315e+01
2.818428211736588196e+01
3.868514441664652281e+01
6.057991966500536307e+01
2.620577921386855280e+01
6.493447609590673153e+01
5.797878138366240997e+00
4.146189854164624933e+00
7.033810445173153880e+01
5.987486719810205216e+01
5.433880085605871102e+01
1.260072159176474038e+01
3.558102027285886493e+01
4.387553375955803858e+01
6.315679205144917319e+01
6.383849962963093816e+01
1.820161007858592370e+02
3.670707085272390202e+01
7.265286865697932228e+01
6.116870570490775538e-01
5.082271590516300819e+01
6.617490368867568407e+01
1.090532193302394859e+02
5.729034799370825937e+01
7.595033252973516369e+01
3.615032271266592545e+01
6.214451398302575313e+01
1.073996643381672982e+02
5.769538041110184423e+01
6.917842918979971500e+01
6.500861447372130897e+01
1.986079935252421649e+02
6.199441542972013508e+01
7.722470914606505232e+01
2.750141967161146894e+00
1.855505521267994951e+01
2.960497071860870477e+01
6.046909606156527417e+01
8.538833293720345807e+01
8.722653175123751623e+01
1.155433388878638112e+02
8.482677484697767056e+01
2.249161620381252646e+01
2.075839408722007562e+00
4.792485531678052268e+01
6.677553969402731582e+01
1.611944540145338181e+02
2.508542969461397121e+01
6.955813122766612366e+01
1.549080652208694744e+02
3.385004558777952172e-02
8.694490044495896086e+01
1.233124532012498378e+02
1.003289540992659852e+02
7.239765077437004948e+01
5.536845503719607109e+01
1.923123015509337463e+01
6.466097689486906575e+01
6.150814997590944699e+01
1.419882015855917530e+02
9.405444835738208553e+01
1.247683250104682458e+02
2.138066899337630833e+00
5.194415213416191079e+01
1.642240708544034646e+02
3.986079168316483390e+01
4.975067880608770921e+00
6.822216409846818408e+01
1.059465822504302821e+02
7.565952390423807117e+01
6.150985730977048860e+01
5.881824681030434476e+01
6.202498952747005490e+01
5.707769689974989546e+01
6.250023286910298026e+01
8.352591472785059068e+01
7.037346193932849303e+01
8.881226573654283030e+00
1.573728644319803038e+02
4.361165137950392534e+01
5.258693952345161193e+01
4.663311446337876731e+01
1.486303263894646420e+02
1.698137169557138861e+02
1.916513577034574780e+02
1.970713710749198526e+02
6.873380775404359611e+01
1.086752037511740809e+02
6.745202493464466897e+01
3.842091052704162735e+01
5.717038085900694000e+01
2.055765953556125680e+01
3.698495514748282176e+01
1.691382947097704346e+02
1.139587509382096719e+01
1.116721954100799366e+02
1.426598479196252924e+02
5.858834617920125964e+01
6.836651444843631964e+01
1.297748974631722376e+02
6.222732410057076180e+01
1.165358968365507195e+02
7.052058683907294778e+01
1.608554084429112052e+01
1.960289150765345312e+02
1.928612040022703411e+01
1.678939111339270198e+02
6.786110901840568488e+01
9.994760366634911009e+01
6.608517055300671927e+01
6.651560981243690662e+01
1.932820020057415888e+02
6.576174103184193598e+01
1.610627631920413592e+02
6.857869526007603156e+01
1.201008459475856540e+02
6.990741825072484517e+01
1.555211854018489248e+02
9.581545736038249217e+00
8.331314548670644626e+01
3.820000471569641576e+01
2.120767957598406284e+01
5.015901923659632189e+01
2.255504031594313119e+01
1.827002570242965191e+02
3.616068641921322069e+01
1.226768269239284308e+02
2.508795108870383483e+00
8.969974032985221868e+01
2.288870423774041818e+00
5.973785556265967500e+01
6.519240624802282014e+01
5.782307577694343337e+01
3.317069746789434248e+01
6.441727015882159435e+01
1.306302324693489538e+02
6.288834433786442446e+01
4.997230223707780539e+01
8.689207829482869272e+01
6.847108147846905979e+01
1.867790994350429301e+01
6.749187321717654697e+01
6.524072160814628774e+01
5.706269719842860866e+01
2.701616066036960362e+00
1.831420529695393284e+01
2.726596493743770822e+01
1.078835413660821985e+02
1.584250473526464305e+02
6.309862321609216451e+01
5.200712517896594989e+01
4.191057998193266521e+00
2.287902090543373745e+01
1.371244348927037038e+02
1.609375836185562605e+02
7.939161013326829774e+00
1.750485972270687896e+01
3.637071191878356302e+01
1.727802223763129632e+02
3.354541292585842172e+01
1.017154644074590379e+02
3.147353708562539154e+01
7.330890580585302985e+01
6.984516438952387318e+01
1.507970247495158489e+01
1.492607914619293119e+01
7.890700569510518392e+01
9.413215038197419560e+00
1.514563364101984000e+01
4.206956496352211872e+01
7.050446480155430606e+01
4.687993337912389791e+01
7.863001832244493983e+01
8.345865895418641855e+01
2.920374343028117181e+01
3.790922867402365881e+01
4.164616727539339536e+01
6.542237434137541641e+01
1.760409727622331957e+02
6.755730258173335301e+01
3.277838912024437690e+01
1.182824933784318233e+02
3.834926512007393740e+01
4.426272134951122439e+01
6.623416281416318441e+01
1.964678318005009885e+02
6.399068029039964500e+01
7.017516367209135808e+01
6.109125139139073468e+01
6.744557622083773651e+01
6.712928534883066334e+01
6.533784367004643912e+01
9.961828593765527273e+01
1.754949304659318727e+02
2.556525560959579835e+01
1.284775660898253591e+02
5.612246354347194455e+01
6.403519147078900176e+01
1.487838489776002291e+02
7.321687667454128245e+01
1.292794408059549198e+02
5.319046253779756483e+01
5.983886960466676896e+01
1.982802065169355501e+02
6.714245245821922481e+01
8.149068160476637956e+01
1.525072805552637476e+02
1.014920656501004288e+02
1.739636921246826091e+02
6.952439566914793545e+01
6.804086866892275509e+01
6.045319987264129225e+01
1.905854667964290741e+02
6.529438365752416473e+01
1.545373538080289961e+02
1.398049395452325072e+01
6.568238268693129100e+01
1.810629892206694436e+01
3.982203835292403937e+01
7.440337502994313468e+01
4.794636948250385444e+01
5.766339881710184301e+01
8.187339770558693886e+01
6.431627812375919007e+01
6.458992372260641268e+00
6.760781760549579644e+01
1.553746291880972024e+02
5.489122328814324447e+01
6.004682197965096435e+01
1.238878621921433449e+02
9.457587715736643474e+00
7.374335691009042648e+01
3.402705765061897125e+01
2.369892359457770326e+00
2.126565886446758480e+00
5.513499227392885871e+01
7.697647192660883597e+00
2.057261958498072119e+01
2.573166862501867058e+01
5.581540572248009369e+01
5.527909185730812425e+01
3.785886069355497341e+01
4.011159090572389374e+01
2.926764935071199858e+01
1.023023640647551957e+01
6.180756949945123324e+01
1.364943672204408287e+01
1.158991609865747137e+02
6.830430740439395265e+01
1.485976990264756523e+02
6.373414979962128513e+01
1.522250288887628074e+02
1.725082478004789266e+01
7.272212479543649977e+01
6.457082376592006767e+01
1.599830802883962200e+01
6.564411729809080498e+01
4.986454076479619602e+01
1.199067186419149778e+02
1.494843072371891424e+02
1.441454205549881920e+02
5.305725225292918878e+01
5.721753516528885797e+01
2.000091834581140660e+01
1.038543681296919772e+02
1.178841367094335091e+01
8.534216855742243979e+01
4.827517268540436390e+01
7.030467694327148820e+01
5.728620129464532695e+00
5.795946121879974555e+01
5.122279162886781734e+01
1.307221839198579119e+02
6.381725139421610038e+01
6.662361041624234304e+01
7.115913478761315503e+01
7.639189140772681696e+01
9.777058954532364510e+01
6.136033567282311907e+01
7.154407733402229042e+01
6.597028782571709371e+01
2.196841685940913536e+01
5.971111361464537737e+01
6.305911565233554938e+01
3.412006871698883259e+01
5.665562635017290916e+01
1.219960414317210962e+02
1.223256248516604394e+01
3.105106723176486838e+01
6.368980857869810563e+01
6.525858936937285648e+01
3.838437764440117661e+01
1.060509722557489098e+01
7.065304152790098158e+01
6.925260035084625088e+01
7.256723217411084192e+01
6.414875291217860820e+01
1.380932587600551926e+02
2.761445958075934826e+01
1.132557291700245514e+02
7.690423927637385759e+01
6.474849295111455660e+01
7.066383237746316581e+01
5.929977308321102214e+01
6.203618850433185372e+01
1.682578834805125325e+02
3.657182926496882658e+01
7.253776976370951424e+00
6.124667441582340643e+01
2.423010716156430266e+00
6.896342048462138052e+01
5.802865448822916505e+01
6.693274993349993451e+01
4.907652017626978136e+01
3.196430233686774969e+01
5.285332282877994459e+01
1.993697749239150596e+01
6.572769015688037086e+01
6.593429274290471653e+01
1.514320034901796816e+02
1.465859035461914175e+02
6.120525779054794668e+01
1.464886284254718873e+02
6.619434498431235170e+01
5.188182935120966732e+01
1.436217110962386911e+00
6.054146871622047144e+01
1.391908066346906026e+02
1.281237008950639620e+02
3.159388745393423736e+00
4.261101709672468019e+01
6.421010080937205089e+01
1.394557357846855723e+02
2.112778668158367523e+01
1.667920611551137000e+01
2.050875792895165617e+01
6.323044895453972458e+01
6.048890052555978514e+01
7.078312470780515753e+01
2.358979291812755719e+01
7.117511446681645282e+01
6.091009945107780510e+01
5.145105571418781665e+01
6.166047678300829915e+01
1.212954349090055217e+02
7.103528947571297181e+01
1.262910279698004672e+02
7.605729208019735665e+01
6.404195527837950408e+01
1.752691249987894082e+02
2.197214378694893444e+00
5.726682280235318956e+01
6.311785709266430189e+01
1.791033411644166335e+02
1.680317140295521483e+01
6.164477394069186289e+01
6.437340168442227650e+01
8.448864023694096659e+01
3.318733460658278034e+01
1.879742199806489680e+02
5.954852612754956454e+01
3.968087894571361574e+01
1.943818980482157244e+01
7.669499477333422988e+01
3.892094792334467712e+01
1.948179636930962602e+02
1.878198350454154308e+02
7.036128608349739011e+01
1.700326001503224802e+02
1.449371799968344021e+02
5.686047309535133820e+01
7.096681835395784788e+01
1.481271925174675541e+00
9.520549883248594369e+01
1.092151708242774504e+02
6.313752952099645199e+01
3.262208403057108086e+01
1.353195833059074005e+02
3.200667670698023493e+00
2.786689431786994930e+01
2.245321680651618124e+01
3.181859931971028388e+01
1.057606138045824622e+02
4.642427451195355559e+01
6.636025811704917032e+01
7.499409884606464516e+01
2.685391294328153933e+01
6.462416567794520006e+01
8.405411188000014988e+01
1.559778147241917736e+02
8.066231716777417660e+01
6.613341958395250231e+01
1.169293070233145926e+02
3.379418136667511163e+01
1.022956937075164490e+02
1.432143167138860349e+02
7.178967216113777416e-01
8.925897546994414711e+01
3.005961876677621447e+01
7.493591958733586011e+01
5.941022594776826793e+01
7.165393040148350678e+01
5.844210393999181008e+01
1.970155958506820184e+02
1.369140999463929198e+01
5.785549261216842609e+01
1.093862988144476134e+02
1.540976394846241782e+01
1.828354825516045139e+02
6.568010853375594138e+01
6.436503672096397111e+01
6.395402440866143223e+01
1.633133483395646124e+01
9.132735575841289233e+01
6.670054318632833201e+01
1.497838473884451389e+02
6.329017688041184897e+01
6.791301332786186151e+01
4.589685001821287358e+01
6.866202833785681037e+01
6.993955862111187116e+01
9.170919479925781559e+01
6.627475581328945964e+01
7.007713713014956625e+01
2.560936651339077841e+01
2.462216469240800976e+01
6.325872130271871185e+01
7.250029891275387683e+01
6.252419194490001075e+01
6.236058192955520241e+01
1.974192259329539212e+01
1.531395989300598330e+02
6.905553831893685413e+01
1.413303092644223113e+01
1.352606069472849981e+02
6.923116685836455986e+01
1.157215894890776724e+02
1.277161239150347001e+02
1.979039070762308654e+02
6.185153087680584605e+01
6.558668146282110456e+01
1.814742104206627857e+02
6.419040333386345765e+01
1.622874917979992233e+02
5.788173637603809851e+01
1.007955966637435807e+02
1.855011451918890089e+02
1.978813261420936271e+02
4.903789605622665704e+01
6.589071682711976052e+01
1.120960733836505341e+02
6.812240155409074305e+01
2.589554499203446269e+01
1.094457677309190018e+02
7.738134097079412754e+01
8.106236148501841399e+01
9.029666631445813607e+01
4.460022170729618551e+01
4.754897401404019064e+01
6.136374081198374597e+01
1.261082511831975239e+02
1.727782572385171989e+01
6.172609339081692781e+01
4.457398112704110105e+01
4.256254149741231885e+01
1.255161946500400632e+02
1.467973406308176720e+02
3.682991545340995287e+01
1.961233092402816425e+01
